1 36.0125575687
2 35.9749220333
3 31.7765663968
4 31.6025869389
5 27.2175478799
6 22.1877593836
7 22.1341396896
8 11.399062534
9 11.4354064756
10 5.74878313063
11 -0.0505433734102
12 -5.893323168
13 -11.7693228228
14 -17.3137359589
15 -22.770512298
16 -28.0727136694
17 -28.0727136694
18 -38.1951827433
19 -43.0933088744
20 -47.7873758106
21 -57.9357982671
22 -70.4644859638
23 -74.6697638264
24 -89.9263976967
25 -86.9880654388
26 -76.0898584049
27 -59.9772902038
28 -50.2798637378
29 -45.5392521109
30 -45.4213856492
31 -40.965751805
32 -40.898066269
33 -40.7948855052
34 -40.7135576564
35 -40.7948855052
36 -40.7082566802
37 -40.9642004111
38 -40.9642004111
39 -36.5723470651
40 -36.383788931
41 -27.0986096305
42 -27.0986096305
43 -17.1385512798
44 -17.1385512798
45 -22.1689746537
46 -17.2166343914
47 -17.2166343914
48 -12.3488184296
49 -1.10319841615
50 10.1863737734
51 -12.6170257482
52 -17.9715024576
53 -17.491024009
54 -27.8401593734
55 -23.5568031695
56 -12.5759821378
57 -7.04779131709
58 -17.5758686172
59 -22.6434687236
60 -17.5758686172
61 -22.7335327441
62 -22.5955732289
63 -17.3337579249
64 -22.5721605542
65 -17.3799319257
66 -12.1369325517
67 -12.4373130125
68 -12.4865170126
69 -17.9558778644
70 -17.9558778644
71 -12.573697221
72 -6.8745408364
73 -12.6298830468
74 11.4263681878
75 -6.72958283222
76 -6.77725885408
77 -12.8765974912
78 -18.2041150135
79 -37.4527775443
80 -42.2080465432
81 -23.8177122003
82 -18.9948223917
83 -1.1713686744
84 -1.21243593635
85 -0.766094695642
86 10.9056902313
87 -6.91702130296
88 -6.7924699483
89 -12.4890983546
90 -17.7090628525
91 -22.7572119635
92 -22.7580095977
93 -12.2440317854
94 -17.4895312647
95 -12.2163025012
96 -12.3317172465
97 -12.3317172465
98 -12.3763114664
99 -1.35895998579
100 9.87656585106
101 -1.83723260046
102 -7.15459275056
103 -1.40944807012
104 -7.3219226678
105 -7.15241312596
106 -12.1285569555
107 -17.2989250015
108 -17.1469182963
109 -0.958572904122
110 -12.0068557157
111 -6.63041163543
112 4.44302517738
113 -6.61770927631
114 -12.1516388547
115 -12.2859957827
116 4.01602870427
117 3.85934750547
118 9.43414423759
119 3.84561630481
120 3.87457863184
121 3.87457863184
122 3.87457863184
123 3.83898441416
124 3.76573563318
125 3.76573563318
126 9.13708592776
127 9.24604000498
128 3.43222890287
129 3.68739917359
130 3.86407679666
131 -1.50827329818
132 4.15941282024
133 3.94978071817
134 -12.348976068
135 -17.8442053216
136 -22.8681221647
137 -28.002818679
138 -27.3013540137
139 -27.4435860354
140 -23.3000388542
141 -17.9157212545
142 -12.486453057
143 -1.54725194653
144 -7.00956178288
145 -6.89466195183
146 -12.2650729969
147 4.34910803773
148 -1.24449823219
149 -12.4885212821
150 -1.82116589335
151 -7.23138848244
152 -7.1109427294
153 -1.47362168199
154 4.09034455593
155 4.09034455593
156 -1.58743978397
157 -7.08904118118
158 -1.59599542188
159 -1.8266025105
160 3.69070921177
161 8.78650821622
162 13.9345037627
163 13.9345037627
164 13.9413045609
165 13.9045667242
166 14.151552999
167 14.066494694
168 14.1042355969
169 19.3673854668
170 14.0167236801
171 8.54972548804
172 2.77776992098
173 8.2711317784
174 8.0681787541
175 14.0962323248
176 20.6399113676
177 20.6399113676
178 20.5912228998
179 15.6177469706
180 15.8920134364
181 10.1233829558
182 -6.81425929985
183 4.53484318745
184 4.47398562616
185 10.0822475869
186 9.6020137347
187 15.2683715243
188 14.8147726294
189 14.2724542198
190 14.3602887015
191 14.2115254425
192 14.1367039053
193 14.0110800279
194 14.0110800279
195 13.6167803114
196 13.4142219396
197 13.0568096753
198 13.2138913354
199 1.76496673696
200 1.75550509853
201 1.42779245526
202 1.9180688965
203 2.63801145483
204 2.2897824391
205 2.557784984
206 2.53501964092
207 2.58203778111
208 2.67326945371
209 2.67885701938
210 2.634556091
211 -2.85714978755
212 -8.69479485139
213 -8.69479485139
214 -8.44643723987
215 -2.48669531371
216 -2.37041641969
217 -2.34084294251
218 -7.55748947675
219 -2.45002720681
220 -2.72912673356
221 -2.87096980143
222 -2.73433092401
223 -2.58787848545
224 -8.0796518097
225 -7.92931410497
226 -7.8060184267
227 -8.04662671572
228 -2.68176495219
229 -14.3591409709
230 -14.3591409709
231 -14.2365846831
232 -14.2365846831
233 -14.2365846831
234 -14.2365846831
235 -14.2923994079
236 -14.5113802962
237 -9.13611676642
238 -9.13611676642
239 -8.90560650564
240 -9.22530462342
241 -4.1692367681
242 -4.04246750856
243 -4.04246750856
244 -9.53020592911
245 -9.3778818154
246 -9.16163568936
247 1.80196109273
248 7.05831504727
249 7.02599110928
250 12.4223886227
251 12.3064403922
252 1.74618170752
253 1.74618170752
254 1.74404020777
255 1.41912885538
256 1.37674346216
257 1.45579255651
258 1.34436981027
259 1.16958201723
260 1.32500961469
261 1.32500961469
262 1.20502949293
263 1.19011413
264 1.19011413
265 1.19011413
266 1.19011413
267 1.25148508921
268 1.24794226074
269 1.26856692755
270 -4.35429780195
271 -10.0743994566
272 -10.0976558265
273 -9.63639927102
274 -4.32925155738
275 -4.26218029068
276 -3.86911929845
277 -3.78018104564
278 -4.07980435818
279 1.18664544842
280 -4.31212005148
281 -9.67568311365
282 -4.05620768853
283 -9.52633950254
284 -9.52777965124
285 -9.26974681571
286 1.59294306754
287 1.72635690075
288 27.7557051408
289 27.7640458886
290 27.7485868336
291 27.7485868336
292 31.5995942592
293 31.5995942592
294 26.955986644
295 27.0249421788
296 27.214264964
297 27.214264964
298 27.214264964
299 22.3545152495
300 22.5199874555
301 27.1468409825
302 26.9830705226
303 22.2904491162
304 22.211229384
305 22.2663376494
306 22.1820728863
307 22.1075608517
308 22.0399082321
309 26.7821775223
310 12.0408455445
311 6.55765037625
312 6.56571513272
313 6.56571513272
314 6.50908928706
315 6.45222981371
316 11.952363952
317 11.952363952
318 12.2197512279
319 6.80759613851
320 6.83238017845
321 6.86993253076
322 6.88323446304
323 6.84412048666
324 6.87051599921
325 6.86993253076
326 1.37503246675
327 1.31468801811
328 1.24406040479
329 1.1877695553
330 1.25065998061
331 1.25065998061
332 1.25065998061
333 -4.12513509011
334 -4.12513509011
335 -4.12513509011
336 -3.9736248246
337 -3.94597243529
338 -4.11493152515
339 -4.21413793037
340 7.03374801463
341 6.85318995621
342 6.89261792702
343 6.81510152834
344 6.73753784395
345 6.76363379645
346 6.8858310598
347 6.89023823128
348 6.80143603044
349 -4.12154053532
350 -4.2006587974
351 1.48621469926
352 -9.86967108761
353 -9.47852993211
354 -9.47908667252
355 -9.5327245895
356 -9.60549317589
357 -15.0267525608
358 -15.0267525608
359 -9.30417505351
360 -9.19321702366
361 -9.19515901985
362 -9.19321702366
363 -9.19321702366
364 -9.30894887778
365 -9.30894887778
366 -3.80943556406
367 -3.73480396679
368 -3.59133079626
369 -3.59133079626
370 -3.82970634492
371 -2.79570006607
372 -2.79570006607
373 -2.71900111384
374 -2.92822295566
375 -2.96918879481
376 -2.87798745091
377 -2.79417930774
378 -2.88578999901
379 -2.68592808996
380 2.94844572336
381 2.94844572336
382 3.63624868408
383 2.90888954534
384 8.81195283478
385 3.41570011984
386 -2.01877978939
387 -2.23881064735
388 -1.75668974007
389 -2.03210702537
390 -2.03210702537
391 -2.03210702537
392 -1.89038963229
393 -1.89661928811
394 -2.00013200781
395 3.383401375
396 3.14844183997
397 8.4467846932
398 8.4467846932
399 8.41139296782
400 8.41139296782
401 8.38010806083
402 8.30153252027
403 8.47279049663
404 7.77042744388
405 7.87152304728
406 8.06093119045
407 7.63957834683
408 7.73064476181
409 -3.11133496294
410 -3.11133496294
411 2.42749048352
412 2.29947855149
413 2.20478177961
414 2.2938457891
415 -3.39999841978
416 7.32526489972
417 7.5992271538
418 7.54213127017
419 -3.46833007143
420 1.91492398776
421 1.76616443604
422 1.82960572764
423 1.82958976485
424 1.82958976485
425 1.84565811756
426 7.33240554369
427 1.8329919002
428 2.15201431798
429 2.10769644441
430 1.77502546586
431 1.77502546586
432 1.95847359146
433 1.77879603695
434 -3.39962573445
435 7.66224263387
436 7.66224263387
437 7.66224263387
438 7.6909946462
439 7.16867651305
440 7.84173871471
441 8.42661399634
442 3.27556330011
443 -1.94437973889
444 -1.94650596444
445 13.8365824615
446 13.6349819368
447 13.5803653436
448 13.2703747064
449 8.08641170176
450 7.93365616777
451 8.37806690371
452 13.8899392157
453 13.8299186549
454 2.67539271164
455 2.70171895445
456 2.70171895445
457 8.06989498629
458 2.25236677593
459 2.06400917314
460 2.12956839156
461 2.06161919211
462 6.8688135218
463 6.8688135218
464 6.8688135218
465 7.06949191678
466 7.06949191678
467 1.76706982654
468 -14.0253023372
469 -14.0253023372
470 -14.753354625
471 -9.46440194048
472 -9.52509512295
473 -9.44457859869
474 -9.41965301543
475 -20.911187836
476 -21.3815738122
477 -19.2996067323
478 -19.7076364402
479 -19.9695032154
480 -19.7434554841
481 -20.041287921
482 -20.051987736
483 -9.6145222763
484 -9.21091365358
485 -14.8335545021
486 -9.59027389904
487 -9.59027389904
488 -9.78677227481
489 -9.81704409506
490 -9.82300272343
491 -9.68104028104
492 -9.80000772645
493 -9.77466551886
494 -4.42836276392
495 -4.47082620036
496 1.26988267844
497 -4.04546189002
498 1.45251214556
499 1.57051600397
500 -3.78876345142
501 -3.70725221839
502 -3.70725221839
503 -3.64072596139
504 -3.57319826169
505 -3.54666215481
506 -8.61368268307
507 1.90515692311
508 -3.61952169337
509 -3.82301884668
510 1.74823334443
511 -4.12182929807
512 -9.66356212157
513 -4.1176489605
514 1.27825133096
515 -4.05440154839
516 -3.78347424233
517 -3.45498916713
518 -3.80277829133
519 1.55726053716
520 -8.93642238999
521 -3.22579250405
522 -3.22579250405
523 8.0403419972
524 -8.63284746682
525 -13.2865271795
526 -18.0235093678
527 -18.3521193739
528 -18.3521193739
529 -18.3521193739
530 -23.0614792061
531 -23.0614792061
532 -17.8395173911
533 -12.6324526019
534 -7.172244509
535 -1.81244458497
536 9.27128002575
537 -1.751547974
538 3.84686971305
539 3.3187801802
540 14.641162102
541 20.7322694667
542 20.0411534937
543 14.5605022658
544 14.5417014196
545 8.64358864873
546 8.64358864873
547 3.26738921848
548 3.31108573591
549 3.26888331067
550 3.27117647101
551 3.18007260012
552 3.14039230697
553 3.0041445239
554 2.95282350863
555 -2.43112699659
556 -7.81655882253
557 -7.80647031438
558 -7.57272730431
559 -7.57272730431
560 -2.43671807202
561 -2.43671807202
562 2.88772820933
563 2.74032558443
564 2.65721316454
565 -8.21050020166
566 2.96562906523
567 8.51379306829
568 8.13789594973
569 -3.02634873184
570 -3.07065996468
571 13.8536441157
572 13.8367545223
573 13.9628126563
574 29.8072963888
575 29.8072963888
576 30.0237140136
577 14.3455334009
578 19.6737743724
579 20.9403705451
580 10.2030764366
581 10.2030764366
582 10.1722468491
583 15.9012577536
584 15.9012577536
585 15.8358638006
586 10.2963040399
587 15.6818582834
588 21.043216627
589 21.1744116421
590 21.873492464
591 22.0342347082
592 22.4571775551
593 22.0237754123
594 22.0237754123
595 21.5532395303
596 21.2404043944
597 20.8490248303
598 15.1585946597
599 15.4137320708
600 15.7130995462
601 20.8953047511
602 15.391140808
603 15.391140808
604 15.7370078276
605 9.34538877265
606 9.31724477952
607 3.66523769617
608 9.24500478756
609 3.33589247899
610 3.55184543589
611 3.4658421843
612 3.46758293812
613 3.54316795456
614 -2.10847763643
615 -12.9077988663
616 -13.0675322715
617 -12.9746013223
618 -7.36606192352
619 -7.36606192352
620 -7.22112693254
621 -17.5712934072
622 -12.3846318165
623 -17.5488765312
624 -12.3654150797
625 -12.3654150797
626 -6.82685714299
627 -6.75742057932
628 -6.75742057932
629 -6.82214869987
630 -6.98980969538
631 -1.47133415753
632 -6.9771399377
633 -6.97588018137
634 -12.212900703
635 -22.5278688771
636 -12.0417944055
637 -12.0752881554
638 -6.89173593286
639 -6.86624993251
640 -6.92209066087
641 -6.78791069874
642 -6.8732176627
643 -6.73409922675
644 -6.85603880493
645 4.06094736849
646 14.8268946727
647 14.5368689599
648 14.4209691378
649 14.4172544278
650 14.918993103
651 15.0094208003
652 3.1815095741
653 3.1815095741
654 3.3140596681
655 -7.90508824589
656 -7.70873752624
657 -23.126327243
658 -18.4674154841
659 -18.4674154841
660 -18.6883366626
661 -18.390932514
662 -18.4586155067
663 -18.4586155067
664 -18.4586155067
665 -18.2283645944
666 -18.0123864101
667 -18.1306172848
668 -13.1908283841
669 -13.0368973421
670 -13.1749072904
671 -18.7534201495
672 20.4453892095
673 14.7214183003
674 14.1239043467
675 14.2594631605
676 14.0691362751
677 18.8733323414
678 18.7891169644
679 18.7891169644
680 13.4971689311
681 19.6779800639
682 13.4518351926
683 18.6149850993
684 18.6534982358
685 18.915787483
686 18.4456438732
687 18.4456438732
688 18.4456438732
689 28.6142632708
690 29.1473618303
691 29.1473618303
692 23.9408870447
693 23.9408870447
694 23.9408870447
695 23.9408870447
696 23.9408870447
697 23.9162158478
698 23.8089404433
699 23.8089404433
700 24.2436623435
701 29.5637227141
702 29.5706766255
703 29.7128593452
704 29.6547214081
705 29.9740586688
706 29.9740586688
707 30.2557380053
708 30.1280483437
709 29.6418002933
710 24.4391880622
711 31.0688004503
712 35.3905797663
713 35.5747023054
714 35.5747023054
715 35.3816645733
716 35.2622969269
717 35.5608307982
718 36.1621734478
719 36.2586683516
720 31.2069317321
721 31.2069317321
722 31.4562896151
723 31.7119929334
724 26.3727011824
725 26.3727011824
726 26.9052556674
727 26.2887727351
728 26.5065387906
729 26.7866758203
730 26.390073567
731 26.1273917887
732 15.4425686158
733 25.8265790497
734 26.2443432915
735 25.6479471967
736 20.0075732501
737 25.5703970624
738 8.85192213185
739 25.9616183194
740 25.9616183194
741 27.3376467916
742 -2.06101023283
743 -17.9369856663
744 -17.9369856663
745 -7.29304355066
746 -12.5507976257
747 -12.6160682261
748 -12.5405927394
749 -7.40046491843
750 9.16884494841
751 19.4877646176
752 19.4877646176
753 19.5989289596
754 19.6980643197
755 19.2753774159
756 19.2753774159
757 19.3730025885
758 30.3310756024
759 35.703791256
760 30.3254776086
761 30.3254776086
762 30.7286244218
763 30.7286244218
764 30.3448768113
765 29.7707780661
766 29.7707780661
767 29.5654071607
768 29.4823617559
769 2.9817333154
770 3.08647617918
771 8.65271435404
772 8.56580153974
773 8.65692767783
774 8.4312469435
775 8.42597681866
776 8.42597681866
777 8.35362345932
778 13.5737645699
779 13.6928178982
780 8.26035185068
781 8.46789582943
782 3.20712459353
783 2.95344851496
784 8.37333876096
785 8.28872889334
786 8.18255648938
787 8.30647857257
788 13.8470751534
789 14.1019274638
790 13.8341779411
791 20.4856998621
792 26.5261343874
793 36.7343546135
794 37.0192223206
795 37.0173919326
796 36.5168340087
797 36.505485839
798 36.1588810028
799 36.1588810028
800 35.5929903159
801 35.547732272
802 35.8503977563
803 30.4040109909
804 30.4566505329
805 30.1933488966
806 35.2690382351
807 35.1934373326
808 35.1934373326
809 34.8140186645
810 35.083722708
811 36.1355207076
812 30.1358829789
813 30.1358829789
814 29.850787334
815 35.6043656671
816 35.5383377314
817 35.5358716395
818 35.5358716395
819 36.1586286246
820 36.7926504264
821 37.0956770532
822 31.7143388199
823 32.4564880217
824 14.8328683679
825 14.8724510773
826 14.4178556689
827 19.2861662762
828 19.7327941763
829 19.5575257773
830 20.198339406
831 19.5575257773
832 19.4879487502
833 19.4879487502
834 19.4879487502
835 9.00134970079
836 9.13650146425
837 -2.14126240386
838 -7.43654319784
839 -1.61992069841
840 -1.63026727364
841 -1.79177360227
842 -2.04653517161
843 -18.5985010536
844 -13.1144663085
845 -2.10091842171
846 9.01707133343
847 14.5793577719
848 9.25535107381
849 9.22232936516
850 9.21052538248
851 9.01316754787
852 9.04707062435
853 9.25938561337
854 -2.27253533816
855 3.69088131482
856 3.50433843245
857 14.5745549931
858 -1.73428201063
859 -2.01077443154
860 9.37402644554
861 9.28050017679
862 9.28576367961
863 9.28576367961
864 21.49645524
865 20.9849548956
866 20.9997371551
867 20.2375684277
868 20.2375684277
869 14.0635531967
870 14.1437736222
871 14.7679067231
872 20.0914766681
873 14.5189418645
874 9.31956109061
875 9.40694633008
876 9.28814529976
877 9.51988700874
878 9.27475840376
879 14.6675653089
880 20.2463176397
881 20.2640317884
882 19.8793800616
883 20.0826026808
884 20.26883831
885 20.112191538
886 24.9408999211
887 19.6783366151
888 18.8442697718
889 18.6194275557
890 24.8293807282
891 24.7829117779
892 24.3226165555
893 2.44560860969
894 7.92921399545
895 7.96116063924
896 8.26163654042
897 7.8925427465
898 13.2628220871
899 19.5305133011
900 19.5305133011
901 19.3978940361
902 8.05467078679
903 13.8532351243
904 13.8441027561
905 13.7063871315
906 8.7239741372
907 8.77283212123
908 8.77283212123
909 8.23348243486
910 13.6494106678
911 13.6494106678
912 13.6003623412
913 13.2982522174
914 13.212826295
915 18.5831037855
916 13.6260849042
917 13.6153319222
918 13.6153319222
919 18.9399832288
920 18.7026271919
921 13.1269887895
922 18.424945321
923 23.6427719154
924 18.4100251979
925 18.3641080441
926 18.2830378562
927 18.75000814
928 20.0128521296
929 30.0361647326
930 30.0361647326
931 25.0547057974
932 23.6754802574
933 24.2968205687
934 24.4597592001
935 8.77040834195
936 8.77040834195
937 8.84917375817
938 8.88156263182
939 9.26775937089
940 9.26775937089
941 14.7634968252
942 9.20812801269
943 14.7634968252
944 8.85284867718
945 14.239641295
946 14.4110032083
947 14.4110032083
948 24.5729716185
949 24.6270967527
950 14.2325595563
951 14.3982157518
952 14.883317549
953 9.20450379508
954 -2.06539920698
955 3.38975686083
956 -2.00934037422
957 -1.88569861587
958 -2.06091253905
959 -2.00811573277
960 -7.50058333449
961 -7.30390122666
962 3.4904738567
963 9.26936146459
964 9.26936146459
965 9.07531101065
966 15.0351437916
967 15.3584720935
968 15.2976460367
969 15.1146769541
970 20.1837311678
971 14.5229074108
972 14.5229074108
973 9.05731813032
974 3.68430409156
975 4.03489167535
976 4.04150449123
977 9.39421191604
978 14.9646085513
979 14.9646085513
980 25.5501747366
981 25.5501747366
982 26.4342197381
983 26.4342197381
984 25.8709812592
985 31.3359393776
986 30.8987872702
987 30.0365988554
988 29.6443765386
989 34.8895349185
990 35.0295731091
991 30.3685356415
992 25.1319289135
993 23.7946921363
994 18.2222835686
995 18.1516780977
996 18.2896579256
997 23.4158195045
998 23.5965387618
999 18.1511691618
1000 18.2096579781
1001 18.6103754515
1002 18.1796002076
1003 17.9238709397
1004 7.48882487335
1005 12.5633856418
1006 12.7627886057
1007 12.7841240747
1008 12.8993514294
1009 12.900991604
1010 12.900991604
1011 12.900991604
1012 7.78874915689
1013 7.78000968298
1014 7.78000968298
1015 7.78000968298
1016 7.49056162557
1017 7.75545421134
1018 13.3758630381
1019 7.99888479978
1020 8.05065615231
1021 2.50630681919
1022 2.45384014961
1023 2.04258449842
1024 7.52499732257
1025 13.5730156221
1026 13.6567864667
1027 13.9991670911
1028 2.17896488592
1029 2.35870880017
1030 2.28956652967
1031 8.04378901665
1032 23.9291636736
1033 23.6687533788
1034 28.377495887
1035 33.2115258483
1036 33.2892607114
1037 33.0560322266
1038 33.5620136898
1039 38.4642187154
1040 38.1920839266
1041 38.3736873907
1042 38.3353829343
1043 38.3736873907
1044 39.0082430949
1045 39.0082430949
1046 39.0082430949
1047 38.5786054924
1048 38.5786054924
1049 38.212348161
1050 38.212348161
1051 38.2496614899
1052 37.9496496802
1053 37.9496496802
1054 37.6984487337
1055 37.8996855755
1056 37.562004746
1057 37.4070944811
1058 37.2262647949
1059 37.2818856264
1060 37.2818856264
1061 32.6464715298
1062 37.1911150907
1063 37.1548176746
1064 37.0181278643
1065 37.0600737567
1066 36.807560213
1067 36.700238804
1068 36.700238804
1069 36.700238804
1070 36.7854407781
1071 37.1903986342
1072 37.3626896634
1073 37.2441217459
1074 32.8032032932
1075 32.8032032932
1076 32.8032032932
1077 32.734254713
1078 28.4565755879
1079 28.4565755879
1080 28.5613121561
1081 28.5613121561
1082 28.5613121561
1083 28.5876993779
1084 33.3828260199
1085 23.8286082174
1086 23.7599805986
1087 28.6191700397
1088 28.6568617269
1089 18.7608840764
1090 18.6045891705
1091 18.6053521343
1092 18.6061126676
1093 13.32066783
1094 7.82722838699
1095 7.9303044492
1096 7.91585592663
1097 7.91585592663
1098 8.24073839585
1099 8.05765135112
1100 18.5816555195
1101 18.6523849592
1102 18.6523849592
1103 18.6523849592
1104 18.7346525622
1105 18.9015557985
1106 18.8437468192
1107 24.1643648404
1108 24.2502038208
1109 24.2502038208
1110 24.2502038208
1111 18.989451261
1112 19.5082437484
1113 19.4050143222
1114 19.3585068083
1115 19.3585068083
1116 24.6198416764
1117 24.864915977
1118 24.8952331303
1119 25.4075080602
1120 30.9731985404
1121 30.7153287298
1122 25.5206115493
1123 25.0596770124
1124 30.5905744394
1125 36.2819903306
1126 36.0349312139
1127 36.4122640734
1128 31.2151718822
1129 31.2151718822
1130 31.2659012516
1131 36.242897097
1132 30.8007005438
1133 30.4188662005
1134 30.7496640512
1135 30.9319910205
1136 25.348076964
1137 25.4971555907
1138 25.506127604
1139 25.506127604
1140 15.5561944328
1141 15.5994540444
1142 9.860327771
1143 9.84540704501
1144 3.83336867415
1145 3.93940909815
1146 9.77722979208
1147 9.77722979208
1148 9.26576652853
1149 3.64778558128
1150 3.32440262064
1151 3.31103285967
1152 3.25397310687
1153 3.25397310687
1154 3.25397310687
1155 3.3187119533
1156 8.78517180604
1157 2.92488587626
1158 -2.56278403825
1159 -2.56278403825
1160 -8.01296772152
1161 -7.73638395173
1162 -2.12478086809
1163 -2.24099751574
1164 -2.25343570108
1165 -2.13729724792
1166 -1.90192652025
1167 -1.90192652025
1168 -7.09332349216
1169 -1.66936996061
1170 -1.66936996061
1171 -1.66936996061
1172 -1.84831751415
1173 -1.92893546444
1174 3.53475841255
1175 3.48119605087
1176 3.48119605087
1177 3.33579674181
1178 3.54152689148
1179 8.58990815435
1180 14.1395886191
1181 14.0945371365
1182 14.1034482777
1183 14.2540079879
1184 14.2086282267
1185 8.85585158974
1186 8.76899465378
1187 8.79440095608
1188 9.01243404142
1189 14.9374881298
1190 14.74277049
1191 14.5335228759
1192 14.8690291237
1193 14.5945567522
1194 9.21614378001
1195 14.8241388276
1196 14.8241388276
1197 3.69597617219
1198 -1.98030065147
1199 -1.98030065147
1200 -1.86189412655
1201 -1.81527457959
1202 3.79972635758
1203 3.65741384179
1204 9.21792260058
1205 9.21792260058
1206 14.5379261702
1207 14.7003574825
1208 14.7003574825
1209 14.7003574825
1210 20.0832489759
1211 14.7994724454
1212 15.0246489685
1213 15.0246489685
1214 15.0246489685
1215 9.42914456529
1216 14.9548543693
1217 4.04605493429
1218 9.64805907308
1219 9.23744579151
1220 9.3388238011
1221 9.37129221189
1222 9.13512563553
1223 9.13512563553
1224 9.36189916867
1225 14.5818776984
1226 14.5663770563
1227 14.6308696171
1228 14.5051601629
1229 14.5473967735
1230 14.6733997613
1231 14.8090295505
1232 15.0060179808
1233 9.67909883645
1234 4.18667310564
1235 4.18667310564
1236 -1.40746522004
1237 -6.76636788933
1238 -6.72399553191
1239 -1.13013798233
1240 -6.71526760621
1241 -12.150521777
1242 -12.1837638833
1243 -12.329437926
1244 -17.706121991
1245 -12.5124540723
1246 -12.5385689805
1247 -12.5385689805
1248 -7.25767705048
1249 -7.25767705048
1250 -1.71117288992
1251 9.6468096545
1252 -1.66777510942
1253 -1.74649212213
1254 -1.66598799629
1255 -1.74460912741
1256 3.94891609012
1257 3.9365090919
1258 -7.44483341115
1259 -7.45523809348
1260 -12.5511803214
1261 -17.4541641408
1262 -6.77890584984
1263 -6.78581078876
1264 -7.47934903698
1265 -7.6462793806
1266 -12.7684944671
1267 -12.5892738615
1268 -12.6883642904
1269 -12.7342378659
1270 -13.0012977974
1271 -13.0012977974
1272 -18.1955122488
1273 -13.4102393688
1274 -13.2371392755
1275 -13.3028590922
1276 -13.3028590922
1277 2.60322705887
1278 2.44755885177
1279 2.56615061802
1280 -8.1467983391
1281 14.1119321834
1282 13.7625968531
1283 7.99032119605
1284 7.99032119605
1285 13.0590782474
1286 13.0590782474
1287 13.0371065043
1288 12.9153484313
1289 12.6779732814
1290 12.7336408089
1291 12.7336408089
1292 12.7255668782
1293 12.5538986896
1294 12.5538986896
1295 12.5320475132
1296 7.4168950155
1297 7.80131855753
1298 8.08579695823
1299 13.6345103521
1300 13.9112867095
1301 12.9045260297
1302 12.8242772287
1303 12.8242772287
1304 12.8730362089
1305 12.8730362089
1306 12.8971198254
1307 13.364158263
1308 13.3792122861
1309 13.8951878958
1310 8.49207962955
1311 18.5072942816
1312 18.5549374729
1313 19.146609094
1314 18.9680753468
1315 19.0738040806
1316 13.7222118561
1317 2.93782928453
1318 13.8138934643
1319 14.1187907252
1320 13.9808390696
1321 14.0136826983
1322 14.142173246
1323 14.2390716548
1324 8.8476858547
1325 8.31252483588
1326 8.8476858547
1327 8.8476858547
1328 8.8476858547
1329 8.8476858547
1330 8.26543227335
1331 13.8746840299
1332 13.825385665
1333 13.9511284986
1334 19.722431448
1335 14.9182706295
1336 14.7742777336
1337 20.2645102023
1338 20.3870375926
1339 20.3870375926
1340 25.5074937198
1341 25.9471004089
1342 30.946475338
1343 20.3484997
1344 20.3484997
1345 20.5843692559
1346 20.5843692559
1347 20.5843692559
1348 20.3319034122
1349 20.8202204454
1350 20.4640917701
1351 20.325636152
1352 25.829677857
1353 25.829677857
1354 31.3264119441
1355 35.5975003178
1356 35.8275129925
1357 35.9160868556
1358 36.0385264837
1359 35.7289723688
1360 36.480311963
1361 36.186574451
1362 36.4060621711
1363 36.2416047206
1364 36.3606874438
1365 36.3606874438
1366 36.5678879822
1367 36.3606874438
1368 35.9743938568
1369 35.9743938568
1370 35.6336088383
1371 35.8986310272
1372 36.265395133
1373 36.265395133
1374 36.4025105118
1375 36.2940299657
1376 36.2940299657
1377 30.9410803516
1378 31.0434640027
1379 31.0094405829
1380 31.4997231378
1381 31.3680603776
1382 30.9581233762
1383 31.1038625065
1384 30.9167154725
1385 31.1938540657
1386 30.8749493618
1387 30.788046833
1388 30.6007956275
1389 24.8817374251
1390 24.8817374251
1391 24.8782416728
1392 25.3033701061
1393 30.5146885505
1394 35.8676501528
1395 35.5556632183
1396 35.3590287091
1397 36.015113461
1398 20.2020023976
1399 20.324409838
1400 31.2719385319
1401 36.0577835638
1402 35.961119436
1403 35.7088420596
1404 35.8321736125
1405 20.4704276514
1406 25.8045853012
1407 25.8045853012
1408 25.8045853012
1409 25.6067458128
1410 25.2140872275
1411 25.2140872275
1412 25.2710066405
1413 25.2710066405
1414 20.0416738144
1415 20.0048465385
1416 20.0048465385
1417 14.4988131727
1418 14.5008466568
1419 14.453836935
1420 14.453836935
1421 14.5882334101
1422 20.2813159531
1423 20.3069223663
1424 20.3069223663
1425 20.3069223663
1426 20.1332706512
1427 19.888245722
1428 19.9759460295
1429 19.9759460295
1430 20.0034158762
1431 20.048346331
1432 24.9332372388
1433 25.3465793095
1434 20.2782863894
1435 14.6486687769
1436 14.4517803638
1437 9.46066047826
1438 9.42913966768
1439 15.3956164068
1440 20.700166661
1441 20.7197439916
1442 20.7234313424
1443 15.644938282
1444 16.029981957
1445 15.7937500132
1446 16.0664452828
1447 15.9970521076
1448 15.6863154568
1449 15.9327822421
1450 15.9482490562
1451 15.8525367411
1452 15.9122043442
1453 10.522818649
1454 10.259104628
1455 10.3825877096
1456 10.0939936996
1457 15.8037603309
1458 15.7955232942
1459 15.1960863296
1460 14.9287863113
1461 14.8004770783
1462 14.7052491598
1463 14.7038971013
1464 14.5327313232
1465 8.91420030478
1466 8.83821975394
1467 14.5125691894
1468 14.5125691894
1469 20.0497551858
1470 20.1451544061
1471 25.1049527051
1472 30.4434039661
1473 30.7070279753
1474 30.3772862104
1475 30.4981833004
1476 30.5779922014
1477 30.7415286044
1478 30.7459667705
1479 31.0994139861
1480 25.4495000368
1481 24.9857834266
1482 25.5378015136
1483 25.4197388084
1484 25.4197388084
1485 30.3744241437
1486 30.3744241437
1487 19.7108210739
1488 19.7108210739
1489 19.7087901196
1490 14.5977636987
1491 14.5587533192
1492 14.6534316764
1493 14.8958852951
1494 20.5695103953
1495 36.3163498711
1496 36.4214494988
1497 31.8656859514
1498 31.9808521305
1499 31.9245924163
1500 32.1646534201
1501 32.1646534201
1502 32.3516108331
1503 32.1918659597
1504 21.4260021898
1505 20.8645821183
1506 20.6870367663
1507 20.4266264946
1508 20.5186246043
1509 20.2863009502
1510 20.6755307418
1511 20.0786680631
1512 25.8161431442
1513 25.9583636625
1514 25.9583636625
1515 25.4801397366
1516 24.8321423487
1517 25.1000843583
1518 25.4088160276
1519 24.8682900688
1520 25.087531032
1521 25.0791933866
1522 30.8523915906
1523 30.8523915906
1524 30.8906486633
1525 25.8083146745
1526 26.0302299822
1527 20.8161961418
1528 20.825077494
1529 20.668075439
1530 20.5222036405
1531 14.8727826316
1532 14.6208833584
1533 14.6208833584
1534 14.6208833584
1535 14.4703386598
1536 19.86667936
1537 20.0629504359
1538 19.9831492744
1539 20.0169326253
1540 20.0169326253
1541 20.0169326253
1542 25.1026807024
1543 25.1199554573
1544 25.0973105254
1545 19.4523622668
1546 13.940193606
1547 13.940193606
1548 19.5152892067
1549 30.4826760079
1550 30.4155169344
1551 30.6127612378
1552 30.6127612378
1553 30.6810476146
1554 30.577331816
1555 30.9190886043
1556 25.6021176668
1557 25.6265349684
1558 20.1905481456
1559 14.688017907
1560 14.5882500389
1561 14.5853060589
1562 14.536012818
1563 19.7627789928
1564 19.8847120453
1565 19.7342892503
1566 30.2406631749
1567 30.2406631749
1568 30.3530027186
1569 30.5801197918
1570 30.7291934959
1571 30.6089274947
1572 30.4807986352
1573 30.4807986352
1574 30.8511170253
1575 30.8511170253
1576 30.6674316299
1577 31.3253836721
1578 30.8221059227
1579 30.513283156
1580 30.958442726
1581 30.7040788019
1582 30.2248423052
1583 30.2723880732
1584 30.3876931003
1585 30.4144941905
1586 29.7952842397
1587 29.9608710022
1588 29.9608710022
1589 30.3102734424
1590 30.4192005658
1591 30.3441783604
1592 30.2964084431
1593 25.1171972638
1594 25.9109944457
1595 25.9109944457
1596 25.9109944457
1597 25.5149485256
1598 25.3473473364
1599 25.47496002
1600 25.4806835741
1601 25.5085059383
1602 25.4365741508
1603 25.2341235056
1604 25.0950287498
1605 25.0286442116
1606 25.0169324176
1607 25.173070195
1608 30.7032775183
1609 30.7971738413
1610 19.7467840696
1611 19.7467840696
1612 19.305152367
1613 19.2564063931
1614 19.2564063931
1615 13.8992242147
1616 19.3167982677
1617 19.3806499909
1618 14.273180294
1619 14.4456045832
1620 14.7032175889
1621 14.6216894344
1622 14.6216894344
1623 14.6216894344
1624 14.3812922905
1625 14.4965906503
1626 14.1233115077
1627 14.3752778783
1628 14.2681877807
1629 14.3856425283
1630 14.5012929054
1631 14.6120993837
1632 14.8800783716
1633 14.8315705174
1634 14.8657104726
1635 15.06440205
1636 14.9644467337
1637 14.9142196146
1638 20.0305916304
1639 20.2648344396
1640 20.1790811388
1641 20.3209345058
1642 20.5043071387
1643 20.4018926103
1644 20.4170774965
1645 20.1310281841
1646 20.5815966166
1647 20.6944031825
1648 20.6799726585
1649 20.6799726585
1650 20.6191213603
1651 9.15113756945
1652 15.2024505742
1653 20.5247022857
1654 20.7055403287
1655 20.3488890085
1656 20.6957584832
1657 21.2966036304
1658 22.0938644787
1659 21.7950500926
1660 21.9211814086
1661 22.1582527418
1662 16.0692197677
1663 15.994651181
1664 16.0253459576
1665 16.0353250278
1666 15.8647872732
1667 15.7924041707
1668 15.5921887029
1669 15.1664172207
1670 14.8660091267
1671 15.1084271542
1672 15.1084271542
1673 15.1084271542
1674 14.9444525003
1675 15.8757577227
1676 33.9946197777
1677 33.9946197777
1678 28.8813422725
1679 29.4551294249
1680 29.5652458242
1681 29.6319267264
1682 33.9370627526
1683 33.5185830404
1684 33.8103360832
1685 34.3154301665
1686 27.5705259968
1687 27.7836470311
1688 33.2182926888
1689 32.6749259473
1690 32.6749259473
1691 32.42450504
1692 32.6641880751
1693 33.4601966491
1694 33.3536012639
1695 33.5347337724
1696 33.7072621932
1697 33.4330883772
1698 28.5644548036
1699 15.7777044241
1700 15.9561925307
1701 15.8772402288
1702 15.7256770802
1703 15.6334146725
1704 15.6334146725
1705 15.32219986
1706 15.2189692891
1707 15.2189692891
1708 9.57760298106
1709 14.9599480109
1710 14.9599480109
1711 9.29007150174
1712 20.343036328
1713 20.343036328
1714 20.5319728044
1715 20.4468590094
1716 25.2812714796
1717 19.9588552287
1718 14.5349319391
1719 14.5194605386
1720 14.5194605386
1721 14.8244767177
1722 15.0827155118
1723 20.6108628683
1724 26.2258257706
1725 22.0870035443
1726 21.7547847783
1727 31.7638626155
1728 26.1294789412
1729 27.039070699
1730 21.3063961206
1731 15.2843961484
1732 9.52248856881
1733 9.64755010338
1734 9.72919874683
1735 4.41586641261
1736 3.70591870178
1737 8.69749922497
1738 8.74706524479
1739 8.83806981757
1740 9.04840733018
1741 9.00074385291
1742 8.89436259441
1743 8.99506463491
1744 9.29762920828
1745 3.5959574816
1746 3.65616481963
1747 3.54737579645
1748 3.44102934882
1749 14.49456906
1750 14.0516243357
1751 8.4634662509
1752 8.47033865694
1753 8.21869500071
1754 8.30240213136
1755 8.49149783969
1756 8.78027974213
1757 8.73317913726
1758 9.0508236435
1759 14.4692755983
1760 14.2802748042
1761 14.2942893032
1762 14.2942893032
1763 19.5840358336
1764 19.3118671515
1765 19.1124108606
1766 19.408772238
1767 19.056658045
1768 14.6291753012
1769 19.7188331811
1770 19.9598797258
1771 19.4418309192
1772 19.5599303857
1773 19.8743680268
1774 19.8778875345
1775 25.0029242027
1776 25.1691404492
1777 25.4244473991
1778 25.4017570288
1779 25.5144079845
1780 25.0144176003
1781 31.3975349504
1782 31.6995823276
1783 31.0391055617
1784 31.0554266834
1785 30.4891827152
1786 30.3566023163
1787 30.1687470951
1788 29.8981358552
1789 29.8981358552
1790 29.8404650397
1791 25.1738316823
1792 25.2489073863
1793 19.8333601852
1794 19.6856023156
1795 25.0587446079
1796 19.5128123517
1797 25.4742039174
1798 14.3575606405
1799 19.2891098231
1800 19.3802542501
1801 19.7492598502
1802 19.4867664086
1803 12.9728806016
1804 18.465761102
1805 18.465761102
1806 18.4317345886
1807 18.5675808349
1808 18.7461410928
1809 18.4693111613
1810 13.395483248
1811 13.4059781251
1812 13.8068164001
1813 13.9726318967
1814 13.9726318967
1815 13.7205525502
1816 8.10878675756
1817 8.20026792147
1818 8.26791442549
1819 8.27316417551
1820 7.95832930949
1821 19.032702094
1822 18.9287053128
1823 8.55122725304
1824 3.00913126523
1825 3.00913126523
1826 8.3402301282
1827 8.3402301282
1828 3.11976556946
1829 3.11976556946
1830 8.71657468299
1831 8.70031429285
1832 3.45281842851
1833 3.49760382004
1834 3.49760382004
1835 9.26487374076
1836 9.02624727133
1837 -2.4449392597
1838 3.02457721664
1839 3.23065237666
1840 3.23065237666
1841 3.31580760536
1842 -2.31872185932
1843 -2.379282423
1844 3.13187572882
1845 2.91285519884
1846 2.78822897236
1847 2.81799952841
1848 26.9495087352
1849 26.9495087352
1850 26.7278363197
1851 21.6388027247
1852 15.384672401
1853 15.5466299079
1854 27.4784629601
1855 16.2142242598
1856 15.7392941496
1857 15.6242102106
1858 15.7785779548
1859 15.7785779548
1860 15.8349392282
1861 10.4614640393
1862 10.3185323543
1863 10.411864296
1864 4.2697701876
1865 4.2697701876
1866 -12.8898017455
1867 -12.8898017455
1868 -12.8418594939
1869 -7.89111825542
1870 -7.77912373033
1871 -7.69633181782
1872 -7.69633181782
1873 -7.69633181782
1874 -18.2070316308
1875 -1.67132058343
1876 -7.06873154956
1877 -7.05441145708
1878 -1.74707048953
1879 -0.931733907502
1880 -1.04303607649
1881 4.41542060957
1882 10.1031184552
1883 10.1031184552
1884 15.8164249219
1885 3.9967875518
1886 15.2588202797
1887 14.9445322077
1888 15.1605239012
1889 15.0855128919
1890 15.0855128919
1891 20.1615144538
1892 14.8393601644
1893 14.831561285
1894 14.9864830257
1895 9.34865129588
1896 15.4898344876
1897 -2.05341253879
1898 -1.34959795216
1899 3.95367337715
1900 3.92811292368
1901 3.66157496625
1902 9.94265592952
1903 9.94265592952
1904 15.6655481612
1905 15.8312806515
1906 9.93994877339
1907 9.93994877339
1908 4.49045379327
1909 15.0150787471
1910 4.00302694069
1911 3.29805123809
1912 8.91826879512
1913 8.88613268933
1914 8.6759366586
1915 8.79518341016
1916 8.71391587398
1917 -2.4607995862
1918 -2.63721267112
1919 -2.03108679844
1920 3.44122073697
1921 4.05107170626
1922 -1.51946988748
1923 -12.1978838431
1924 -12.3041628841
1925 -12.3799120342
1926 -12.3799120342
1927 -27.8072846698
1928 -28.7121518036
1929 -23.8549980983
1930 -18.797816425
1931 -13.5706993213
1932 -13.7204347241
1933 -13.7339954014
1934 -8.37934473497
1935 -8.47567333827
1936 -8.65574572921
1937 -2.95087752717
1938 -7.32528261023
1939 -7.39207536769
1940 -7.39226277846
1941 -7.23964194629
1942 4.12060888001
1943 -7.30665689659
1944 3.82298206721
1945 3.87446697098
1946 3.74899017506
1947 -2.23464284101
1948 -1.89189650253
1949 3.3286130158
1950 -2.36519936378
1951 13.2558719642
1952 13.3855202686
1953 13.0321476767
1954 2.29441329726
1955 2.21314723885
1956 -3.06911214038
1957 2.31998863117
1958 -3.22554900362
1959 -8.32158790826
1960 -2.7560515951
1961 -2.7201050079
1962 24.3252647553
1963 24.1858207284
1964 -2.78061186516
1965 2.72940067156
1966 2.74790589945
1967 -2.66149194999
1968 -2.66149194999
1969 -2.5387600556
1970 -2.5387600556
1971 -2.72433744539
1972 -2.62829382393
1973 -2.51737919795
1974 -2.51737919795
1975 -2.44810793868
1976 -2.4722992782
1977 -2.4722992782
1978 -2.4722992782
1979 -2.4722992782
1980 -2.80153799533
1981 -2.8599136152
1982 2.72048688947
1983 2.79787882028
1984 7.98423953354
1985 13.407383781
1986 8.23966088434
1987 7.9838143026
1988 8.41560253916
1989 8.80869824748
1990 9.08974363689
1991 8.75636159623
1992 8.75636159623
1993 8.57045018439
1994 8.57045018439
1995 9.00075893324
1996 8.77707301775
1997 2.63931389069
1998 2.32486827076
1999 2.74824418905
2000 -2.35327982798
2001 2.97470552793
2002 2.7636951542
2003 2.94115693664
2004 3.1374518515
2005 3.29638126425
2006 3.11784482678
2007 19.416065234
2008 19.9188744037
2009 19.7984563088
2010 19.8196293068
2011 20.0249103852
2012 20.0249103852
2013 20.4013340592
2014 19.8581259215
2015 19.8999418626
2016 20.3047452788
2017 20.3047452788
2018 20.0725663683
2019 19.8946532698
2020 20.7944720214
2021 19.9975376026
2022 24.7502667031
2023 24.9040991082
2024 25.0921652659
2025 25.3911570027
2026 25.3106456646
2027 25.1012764822
2028 24.9462230999
2029 24.9462230999
2030 24.9462230999
2031 25.1456783738
2032 24.9935693872
2033 19.6629117065
2034 19.6723872427
2035 14.3136544663
2036 14.1163403107
2037 19.2900546738
2038 19.2556419657
2039 19.4524000611
2040 19.6341890628
2041 19.6117279353
2042 19.4572108426
2043 19.7833762092
2044 20.0360627726
2045 20.0360627726
2046 19.6842281279
2047 24.9679548841
2048 25.020452399
2049 24.8569282605
2050 24.885590819
2051 24.885590819
2052 24.6843421423
2053 25.717968127
2054 30.4998745804
2055 30.4140791762
2056 24.9808369432
2057 25.0211592368
2058 24.7478578319
2059 19.8307127242
2060 19.8447999445
2061 19.8424489108
2062 24.9628231972
2063 24.7888634228
2064 24.7901929758
2065 24.7392629
2066 24.8852977089
2067 24.7936347423
2068 24.750098628
2069 24.7043220784
2070 19.6168535195
2071 19.4803894918
2072 19.4803894918
2073 19.6716890258
2074 19.5197701893
2075 19.4125090918
2076 19.4125090918
2077 19.3517116596
2078 25.1108835061
2079 24.719748274
2080 29.9275862683
2081 29.7363334749
2082 29.7527865547
2083 29.7780561335
2084 29.703883273
2085 24.5468035586
2086 24.4859648915
2087 24.5780474665
2088 24.5649180419
2089 24.5835544513
2090 29.8711355189
2091 36.2103747483
2092 36.1345075609
2093 29.8990543748
2094 34.6647106623
2095 29.4836252231
2096 24.5009202288
2097 24.7306967343
2098 24.7306967343
2099 24.7306967343
2100 25.2631022831
2101 25.2279095274
2102 25.3062107575
2103 24.9947251034
2104 24.9947251034
2105 24.2606873369
2106 24.2703599156
2107 24.2703599156
2108 23.9761268717
2109 13.5514641351
2110 18.9370769205
2111 30.8974847864
2112 18.9273021091
2113 18.9089967402
2114 13.5514641351
2115 19.4053552601
2116 19.2840974118
2117 19.268870631
2118 19.0954939335
2119 19.0590584744
2120 18.8875528563
2121 18.8875528563
2122 19.0673961505
2123 8.31948381858
2124 14.0461692523
2125 14.0848855498
2126 14.0763574311
2127 13.8374726368
2128 13.8374726368
2129 13.6694829552
2130 19.5610631863
2131 19.1312514631
2132 19.1312514631
2133 24.3655768587
2134 24.6148718471
2135 19.5478696782
2136 19.7304663473
2137 19.9284905415
2138 19.8905606895
2139 25.2718449009
2140 25.5269044717
2141 25.5269044717
2142 25.5207510166
2143 25.0357381042
2144 25.6773111019
2145 25.7994389844
2146 25.4922865658
2147 25.2969405725
2148 25.153531919
2149 19.9623455051
2150 20.1144676799
2151 26.2419235678
2152 26.2340500535
2153 27.2802305601
2154 32.8298952433
2155 32.6140340681
2156 37.7435582242
2157 37.2022748805
2158 31.9790688165
2159 31.8034004329
2160 32.2382364635
2161 32.4212275726
2162 32.4212275726
2163 31.9652535747
2164 31.7488609602
2165 26.3066896027
2166 26.3342947013
2167 14.5893392932
2168 9.08882226861
2169 4.09691681782
2170 15.7766752811
2171 15.2177950396
2172 3.89477729237
2173 9.93210069705
2174 16.1806801355
2175 10.4442307519
2176 16.2125003183
2177 16.2125003183
2178 4.38255279932
2179 4.38255279932
2180 4.38255279932
2181 4.39265112786
2182 4.26369959014
2183 4.26369959014
2184 3.93219043715
2185 3.93219043715
2186 3.86299687172
2187 4.06424466485
2188 -1.46272372127
2189 -1.54875274773
2190 4.29409494379
2191 4.26468188335
2192 3.68428284602
2193 19.9506279528
2194 20.7448652698
2195 20.9347207927
2196 20.690183016
2197 20.8882389843
2198 20.9254116299
2199 20.9450745639
2200 22.104470959
2201 16.0049714076
2202 21.4369474696
2203 21.2398753964
2204 21.2398753964
2205 20.8230739639
2206 21.0235715554
2207 20.9228693234
2208 20.910923652
2209 26.5328405241
2210 26.3594688569
2211 26.5851007885
2212 26.4767830906
2213 26.4767830906
2214 26.0098020588
2215 26.0098020588
2216 32.0203558787
2217 32.0203558787
2218 21.9519458826
2219 16.4555588655
2220 16.592005587
2221 10.8100978744
2222 10.7008496869
2223 10.7202070613
2224 10.7202070613
2225 10.7180267058
2226 10.8621650083
2227 10.8621650083
2228 15.7196302263
2229 21.1487942533
2230 21.0624943135
2231 27.2492480526
2232 26.2354510868
2233 26.133847227
2234 26.6856802704
2235 20.6332721766
2236 26.5242444607
2237 24.726041006
2238 24.1671103835
2239 19.6787993281
2240 19.6787993281
2241 19.6983123221
2242 19.488566237
2243 14.0829951535
2244 14.0444533321
2245 14.2140031413
2246 14.4096342362
2247 14.3361921328
2248 13.9799726187
2249 8.32967439931
2250 8.17295130592
2251 8.04797766239
2252 2.96538276741
2253 3.0171994736
2254 8.22578212829
2255 13.7353989942
2256 13.8121564795
2257 13.8121564795
2258 13.6061991965
2259 18.7039845175
2260 8.02530449096
2261 2.76860025837
2262 -7.85279090916
2263 -2.18395539731
2264 -2.18395539731
2265 -2.18395539731
2266 -2.16193693093
2267 -2.16193693093
2268 -7.73368838936
2269 -12.6699446519
2270 -7.35433038857
2271 -12.5969358754
2272 -7.16112577711
2273 -1.64831987448
2274 -1.86923031469
2275 3.51172992902
2276 3.3909704645
2277 9.30676718109
2278 8.90643099827
2279 8.57835533113
2280 8.49353458909
2281 8.58200175295
2282 8.5687636839
2283 8.94493845983
2284 8.80549450836
2285 8.72792047406
2286 8.57363810666
2287 8.77110696874
2288 9.16449331903
2289 14.438592123
2290 14.438592123
2291 14.9137429308
2292 14.4712089188
2293 14.3709394898
2294 14.4194942483
2295 8.83960197346
2296 8.83960197346
2297 8.81528896337
2298 8.70669138945
2299 3.23559143897
2300 -2.18169552435
2301 -2.5800496252
2302 -2.60966194101
2303 -2.46731515522
2304 -2.3281345688
2305 -8.04574822671
2306 -8.04574822671
2307 -13.5194333954
2308 -13.5194333954
2309 -2.60064957511
2310 -2.46880172925
2311 -2.71157192879
2312 -2.72366605777
2313 2.72375171104
2314 2.49893248437
2315 -2.89011535393
2316 -2.89011535393
2317 14.3929365289
2318 2.83600452394
2319 2.63968521976
2320 2.85910065054
2321 3.0516404856
2322 3.19218557581
2323 3.19218557581
2324 3.05910413553
2325 3.05180300416
2326 8.98707833892
2327 8.50680213219
2328 8.47605330033
2329 8.47605330033
2330 25.4053456823
2331 25.3867421309
2332 25.4491056618
2333 20.0193088626
2334 25.5954753507
2335 25.7365733533
2336 20.0978621533
2337 25.1780569011
2338 25.6061018714
2339 25.6061018714
2340 25.6061018714
2341 20.4283005178
2342 20.3168844054
2343 25.2835316764
2344 25.0118766197
2345 24.8523796941
2346 24.6214820114
2347 24.6214820114
2348 25.0066456278
2349 25.36573656
2350 30.3332290932
2351 30.5293164905
2352 30.5628561535
2353 31.1933691928
2354 31.0379838586
2355 32.2505730301
2356 32.0520232254
2357 31.8922895779
2358 31.8922895779
2359 25.9665172637
2360 26.1921193661
2361 32.3812906263
2362 32.3525086985
2363 32.5731723914
2364 32.8815926061
2365 27.6872593831
2366 32.642103113
2367 32.672921273
2368 26.9996418567
2369 36.7963421266
2370 36.9898873055
2371 36.9898873055
2372 32.0357951411
2373 32.0357951411
2374 32.4825041932
2375 32.4328152691
2376 20.3915540685
2377 20.2325333286
2378 25.8898852225
2379 25.8916458408
2380 26.2096773675
2381 20.3782390099
2382 20.711208087
2383 9.64530912361
2384 15.5628695937
2385 15.0460233901
2386 14.92804621
2387 14.7047326302
2388 20.4023060384
2389 21.0567696875
2390 26.7367271692
2391 26.499249225
2392 26.909209297
2393 15.9620117028
2394 16.0800419174
2395 16.1265264785
2396 15.6968097907
2397 10.0693430691
2398 4.25165587544
2399 4.37456164352
2400 4.00704756708
2401 -1.84566588454
2402 -1.67927453468
2403 -18.3651628319
2404 -7.29248626399
2405 -1.61159738556
2406 -1.33579569119
2407 -1.33579569119
2408 -1.33994700771
2409 -7.26154035665
2410 -12.7029637489
2411 -18.0692491406
2412 -17.7990000372
2413 -17.7546425518
2414 -17.5931179756
2415 -18.1694993226
2416 -23.1905248425
2417 -18.0692491406
2418 -23.2602495649
2419 -22.5857692098
2420 -22.4945954206
2421 -22.5991891751
2422 -22.5707274699
2423 -17.5883682997
2424 -17.6872251048
2425 -12.4031053126
2426 -7.14651191757
2427 -22.7939208259
2428 -17.8748515311
2429 -17.8812801266
2430 -7.5741997459
2431 -2.04537869648
2432 -7.53975990741
2433 -7.62434884848
2434 15.9219899639
2435 32.6756311038
2436 32.8275071259
2437 16.0078179449
2438 16.2350774426
2439 16.2043860753
2440 15.9847155273
2441 22.0096026167
2442 34.5918641654
2443 34.3279413836
2444 34.3279413836
2445 39.1142787784
2446 40.0641947867
2447 40.1500409802
2448 14.8840559547
2449 14.9055969638
2450 26.615559504
2451 26.665240772
2452 26.5532275173
2453 26.5015915895
2454 26.5015915895
2455 26.9884354635
2456 26.9884354635
2457 26.9139134106
2458 27.1731540757
2459 21.8296049078
2460 21.8296049078
2461 21.943628127
2462 22.1567245481
2463 22.0000053149
2464 21.9693181224
2465 21.6543340095
2466 21.0544605292
2467 21.8550102836
2468 31.9209218845
2469 31.4165667595
2470 31.4899384145
2471 31.1386675816
2472 31.0399567965
2473 31.1823020001
2474 31.1558404896
2475 31.1816930306
2476 31.2604672159
2477 31.2604672159
2478 30.884298827
2479 31.0965801905
2480 31.1096760366
2481 30.3787756018
2482 30.1833272582
2483 30.1833272582
2484 34.6902277871
2485 30.2741251568
2486 30.2741251568
2487 30.2741251568
2488 30.1984956672
2489 30.5423035189
2490 25.5214593848
2491 20.2817696308
2492 14.4372819785
2493 14.4891865966
2494 25.3405620556
2495 25.6643692496
2496 24.6743084915
2497 29.2633636739
2498 28.8823066035
2499 29.2633636739
2500 29.12450469
2501 29.1548666572
2502 24.4913289992
2503 24.4928254998
2504 24.680210425
2505 18.8553228576
2506 24.2029288167
2507 28.7997416738
2508 28.6862751799
2509 33.3976060854
2510 33.5923181917
2511 33.6450089259
2512 33.6450089259
2513 33.6968097559
2514 33.5155117088
2515 33.8431098833
2516 32.9794151494
2517 32.9794151494
2518 33.2445133441
2519 33.5498075693
2520 34.102575588
2521 34.102575588
2522 34.1140832827
2523 33.5269720915
2524 33.5269720915
2525 33.5269720915
2526 33.5714297714
2527 33.7059141305
2528 33.560724807
2529 33.9269354498
2530 34.149597341
2531 29.9921159129
2532 29.884604971
2533 30.2988508646
2534 30.2637046679
2535 24.6180807646
2536 24.5291447379
2537 24.4961091348
2538 29.8263283669
2539 24.608230208
2540 24.608230208
2541 29.9934571873
2542 24.5626559933
2543 30.2585343389
2544 30.4440877976
2545 30.2886216655
2546 29.8545867917
2547 29.6097819906
2548 29.6052482482
2549 29.5245750023
2550 28.9536541959
2551 23.1838267773
2552 23.1838267773
2553 28.069093057
2554 23.3194013508
2555 23.6295197074
2556 18.3050394384
2557 18.4047040286
2558 12.5326795652
2559 17.8494229414
2560 17.7545761887
2561 17.798058514
2562 17.798058514
2563 17.8066408962
2564 17.8066408962
2565 17.6656948249
2566 17.6656948249
2567 12.4183014829
2568 12.2926868543
2569 12.3849921108
2570 12.3716441843
2571 13.0455809033
2572 13.2029608677
2573 13.2029608677
2574 13.2029608677
2575 18.3108219518
2576 12.8979463553
2577 18.6407409623
2578 12.9202879985
2579 2.39381379291
2580 13.1479517342
2581 18.7016748446
2582 18.475869219
2583 -3.53269318526
2584 2.60544333158
2585 8.3736721495
2586 -2.52880110587
2587 -2.52608427686
2588 13.5405527347
2589 8.57477018864
2590 2.84600136526
2591 2.84600136526
2592 2.71186254427
2593 13.5974765169
2594 13.5974765169
2595 12.9727247184
2596 13.1258283174
2597 -3.17657726883
2598 1.92495828998
2599 1.45899054842
2600 1.73517376271
2601 -3.73412749466
2602 -3.73412749466
2603 -3.73412749466
2604 -3.58733181508
2605 1.70932880117
2606 -3.75764879881
2607 2.01405062463
2608 2.01405062463
2609 -3.48540125599
2610 2.02498195378
2611 1.99777314405
2612 1.99777314405
2613 6.85027635519
2614 1.63397386051
2615 1.46415604135
2616 12.1197683202
2617 -9.1766689716
2618 -3.71304707245
2619 -3.70308003243
2620 1.94964839812
2621 -3.16756884274
2622 -29.6885559954
2623 -29.6885559954
2624 -29.6885559954
2625 -34.5619336084
2626 -34.5619336084
2627 -29.0452727469
2628 -19.1042714778
2629 -33.8822187943
2630 -29.1083745324
2631 -19.1434731583
2632 -19.1275361103
2633 -19.1434731583
2634 -19.3475806883
2635 -19.3475806883
2636 -29.320632004
2637 -29.1722352699
2638 -24.0572699454
2639 -18.9187285767
2640 -18.9187285767
2641 -13.6047830407
2642 -34.2831987326
2643 -39.0671845386
2644 -34.3365049213
2645 -2.48952027452
2646 -2.47355810678
2647 -2.48446891867
2648 -2.49614918442
2649 -2.52521581106
2650 -2.59105043709
2651 -2.59105043709
2652 -8.19967792649
2653 -8.19967792649
2654 -8.09709974101
2655 -8.09709974101
2656 -2.65073083133
2657 -2.65073083133
2658 -2.64716147771
2659 -2.64716147771
2660 -8.13383592232
2661 -2.72770420182
2662 3.55957571789
2663 9.17466715368
2664 9.17466715368
2665 9.17466715368
2666 9.17466715368
2667 3.42322359703
2668 3.42322359703
2669 3.45628877015
2670 8.6663106591
2671 -2.41241985443
2672 -2.55364716413
2673 -2.57502962801
2674 -2.57502962801
2675 -2.56060736251
2676 -2.83932095387
2677 -3.02420631715
2678 -3.02246804851
2679 -8.3992986709
2680 -8.25619735349
2681 -8.35947236888
2682 -8.35947236888
2683 -8.21747511184
2684 -7.77156439832
2685 -2.49665991551
2686 -2.94576796278
2687 -2.8250707066
2688 2.69535234123
2689 3.20020379294
2690 -7.80397913295
2691 -2.5985069124
2692 -8.04678503153
2693 -13.5271893619
2694 -8.36537121806
2695 -13.5271893619
2696 -8.09396893824
2697 -18.9793539743
2698 -18.8958971849
2699 -18.9743643601
2700 -18.9743643601
2701 -13.8730694055
2702 -8.34762503007
2703 -8.54780813163
2704 -8.59424427595
2705 -8.59476248021
2706 -8.59476248021
2707 2.30974076595
2708 -3.31123281205
2709 -3.31123281205
2710 -3.29212208251
2711 -3.42168321285
2712 -3.42168321285
2713 -3.29212208251
2714 -3.24456173631
2715 -3.04946691084
2716 -2.45952765828
2717 -2.6240087122
2718 -2.7034409189
2719 2.42957847097
2720 2.87444758955
2721 2.80566042786
2722 -2.83074107206
2723 2.91144735961
2724 2.88492148373
2725 2.88492148373
2726 2.68846036087
2727 2.68846036087
2728 2.44967746956
2729 2.44967746956
2730 2.46929734856
2731 2.28356730752
2732 -3.27631240588
2733 -8.79429543341
2734 -8.83746936437
2735 -8.83746936437
2736 -9.30898544076
2737 -9.15826700037
2738 -9.17170294957
2739 -9.0447503382
2740 -9.0337230882
2741 -9.29862155863
2742 -3.68384056774
2743 -3.11048031948
2744 -3.39857219907
2745 -14.9949227955
2746 -20.4105266304
2747 -20.6131032785
2748 -9.11463091913
2749 -9.11463091913
2750 -9.11463091913
2751 -14.3639868479
2752 -24.5809596872
2753 -24.6859555304
2754 -19.3851294986
2755 -14.268006768
2756 -19.3851294986
2757 -14.1526010106
2758 -14.1526010106
2759 -3.70851955293
2760 -3.73825921493
2761 -9.07320293367
2762 -8.94552639751
2763 -14.4089135614
2764 -9.01640788928
2765 -9.03305764774
2766 -3.7330213436
2767 -8.97579012723
2768 -14.4085719381
2769 -30.3811839406
2770 -14.5200442225
2771 -14.6602868516
2772 -14.6319507032
2773 -3.63466558724
2774 -3.41480300115
2775 -3.34232520167
2776 -13.9411256695
2777 -19.3959161265
2778 -30.4736565252
2779 -30.4761152218
2780 -19.5863284312
2781 -24.5210321431
2782 -14.3128429583
2783 -24.496322951
2784 -29.2749244454
2785 -28.8807274437
2786 -33.6784722904
2787 -33.6230871495
2788 -23.7072716076
2789 -18.6937764085
2790 -18.6937764085
2791 -18.6505493625
2792 -18.4814113829
2793 -18.4814113829
2794 -13.0054029717
2795 -18.6277951477
2796 -23.7177971246
2797 -23.7177971246
2798 -13.1250150669
2799 -7.80042864094
2800 -2.02323180569
2801 3.56537460325
2802 3.56537460325
2803 3.09292897798
2804 -13.3007936442
2805 3.01330253043
2806 3.01330253043
2807 8.36905665921
2808 13.5390155661
2809 13.74182696
2810 8.49438589593
2811 8.49438589593
2812 8.49438589593
2813 8.24368281344
2814 2.69391723923
2815 8.67140959631
2816 8.40838880765
2817 2.16500266162
2818 2.16500266162
2819 2.17971929851
2820 2.05659387751
2821 2.34117391953
2822 2.15417150558
2823 7.56679447377
2824 7.56693617185
2825 8.11995228283
2826 2.6587394252
2827 2.87674653032
2828 8.72422399994
2829 9.10099668271
2830 8.90553758031
2831 3.34176814853
2832 3.23975312477
2833 8.57496138852
2834 8.50725255462
2835 3.16429218687
2836 8.2013484669
2837 3.16429218687
2838 19.3196163445
2839 13.8974919729
2840 8.81625766349
2841 3.32479622885
2842 3.32479622885
2843 8.11131677991
2844 8.11131677991
2845 7.94110323962
2846 7.94110323962
2847 7.96540525201
2848 7.96540525201
2849 7.96540525201
2850 8.05995982803
2851 2.60425407997
2852 -2.86714987648
2853 -3.06916529939
2854 -3.06212191445
2855 2.37100023745
2856 2.22708982496
2857 -9.03191842815
2858 -9.03191842815
2859 -30.5527075833
2860 -30.3458712799
2861 -35.257358284
2862 -35.1224519502
2863 -35.1224519502
2864 -29.6699443534
2865 -29.7186352198
2866 -29.7186352198
2867 -29.7398166779
2868 -29.7398166779
2869 -29.7398166779
2870 -29.7398166779
2871 -24.9144250464
2872 -30.1798548103
2873 -30.0248587428
2874 -19.3344115094
2875 -14.2014759334
2876 -8.93518849908
2877 -8.58409515494
2878 -8.98554892006
2879 -8.77801160363
2880 -14.0936363134
2881 -14.0936363134
2882 -14.0936363134
2883 -14.1425877853
2884 -14.4078232455
2885 -19.7753854131
2886 -14.2192326075
2887 -8.7310508364
2888 -2.96087409559
2889 -19.2915005187
2890 -13.9959057066
2891 -2.91605391618
2892 -2.84792681113
2893 -2.86180011411
2894 -2.88412842644
2895 3.16888348576
2896 3.16888348576
2897 3.41376092856
2898 -2.3301652236
2899 -2.40578529961
2900 -2.35403977187
2901 -2.35403977187
2902 3.27629780802
2903 3.59314072999
2904 9.69552936113
2905 8.54976127728
2906 8.33231571187
2907 8.35428692553
2908 8.56202299811
2909 8.56202299811
2910 8.70557101227
2911 8.90705363215
2912 8.74130042519
2913 8.27062966199
2914 8.05576754169
2915 7.97855896202
2916 2.40313339134
2917 2.42229892644
2918 2.34963077554
2919 2.82199151521
2920 2.59787066087
2921 2.59787066087
2922 -2.94499913634
2923 -2.78318906823
2924 -2.71899623195
2925 -2.50544245722
2926 -2.7056774429
2927 -8.62045432795
2928 -8.79092958697
2929 -13.9849950606
2930 -8.47025235684
2931 -7.83548176617
2932 -2.52302704446
2933 -2.52302704446
2934 -2.52302704446
2935 2.91109121317
2936 8.1729961959
2937 2.58045766166
2938 2.58045766166
2939 -7.97256439122
2940 -8.15832450935
2941 -8.15832450935
2942 -8.15832450935
2943 -13.5810099921
2944 -8.36591244382
2945 -19.1227041075
2946 -8.5498473224
2947 -8.30864510435
2948 8.10247829446
2949 8.15008379994
2950 2.52033908563
2951 2.5502136966
2952 2.92422138713
2953 8.94086349512
2954 9.09739460644
2955 9.13313894046
2956 9.13313894046
2957 9.13313894046
2958 9.25686083576
2959 9.33970295421
2960 9.39512101975
2961 3.7415224533
2962 -2.01305649155
2963 3.84448711992
2964 -1.90123426181
2965 -1.90123426181
2966 -7.71031662193
2967 -7.71031662193
2968 -7.71031662193
2969 -18.9238738334
2970 -13.4712560993
2971 -13.4712560993
2972 -13.4712560993
2973 -24.4496331072
2974 -24.3393618391
2975 -19.6099902071
2976 -24.2329800875
2977 -13.403425218
2978 -23.5324319384
2979 -23.7714398488
2980 -23.7714398488
2981 -18.653341943
2982 -23.8316510859
2983 -13.2392513804
2984 -13.2392513804
2985 -13.2392513804
2986 -13.6682412
2987 -13.7755744221
2988 -24.5527816027
2989 -24.7146305465
2990 -24.7146305465
2991 -24.7146305465
2992 -24.7146305465
2993 -19.6404558683
2994 -19.9170954606
2995 -14.7157836851
2996 -14.7157836851
2997 -9.27871611409
2998 -9.10788490246
2999 -14.3081449252
3000 -8.83685746461
3001 -8.75893521824
3002 -8.63508049238
3003 -8.48211016595
3004 2.72987511877
3005 -2.98494485683
3006 -3.16601107727
3007 2.27843207472
3008 -3.50268909432
3009 -13.9589067126
3010 -3.50268909432
3011 -3.50268909432
3012 -3.50843016795
3013 1.8972983369
3014 1.8972983369
3015 1.3787212649
3016 1.3787212649
3017 1.3787212649
3018 7.2567826124
3019 7.0540311212
3020 -19.8263583501
3021 -19.8263583501
3022 -19.9584221082
3023 -20.0584798189
3024 -19.4973119662
3025 -19.5696913859
3026 -19.7456838531
3027 -19.7456838531
3028 -19.6574033276
3029 -14.518526988
3030 -19.7452852274
3031 -19.7452852274
3032 -19.7547203542
3033 -19.7547203542
3034 -8.84525504461
3035 -9.06155939656
3036 -9.06155939656
3037 -9.06155939656
3038 -9.06155939656
3039 -9.05884483306
3040 -3.76640424244
3041 -8.97666051184
3042 -25.5520788297
3043 -25.5520788297
3044 -26.0930041922
3045 -15.3724754946
3046 -15.4359449078
3047 -4.25447507022
3048 -4.25447507022
3049 1.06102958883
3050 -4.25447507022
3051 -4.40280051299
3052 -9.71471575652
3053 -4.04933875302
3054 -9.49521855913
3055 -9.47643677976
3056 -3.96113819509
3057 -14.8720922964
3058 -14.8720922964
3059 1.39559936288
3060 1.56721759164
3061 1.76175967355
3062 2.40547950608
3063 2.37250964414
3064 2.37709869622
3065 1.67990608885
3066 1.4347116323
3067 -3.85522778359
3068 -3.85522778359
3069 -3.8661691983
3070 -3.8661691983
3071 -3.97234554023
3072 -3.97234554023
3073 -4.10653328876
3074 -9.17497426382
3075 -8.48091862043
3076 -8.71543199869
3077 -8.56999229466
3078 -8.7899043369
3079 -8.78012838737
3080 -8.81228553882
3081 -8.92758891054
3082 -8.92758891054
3083 -8.68621762961
3084 -8.68621762961
3085 -13.7334410811
3086 -13.7303079033
3087 -13.7303079033
3088 -13.7303079033
3089 -8.43295503635
3090 -8.43295503635
3091 -13.7138336485
3092 -13.7138336485
3093 -13.7138336485
3094 -13.7138336485
3095 -13.6849753599
3096 -13.5261894229
3097 -24.0121449034
3098 -29.1962574226
3099 -24.2430403931
3100 -24.0057380772
3101 -28.8962379216
3102 -23.8575895376
3103 -23.8575895376
3104 -23.8575895376
3105 -18.681438781
3106 -18.681438781
3107 -18.8771913673
3108 -18.8503253324
3109 -18.8503253324
3110 -24.1491431543
3111 -18.7758780436
3112 -18.378419972
3113 -18.378419972
3114 -18.378419972
3115 -18.378419972
3116 -18.378419972
3117 -18.378419972
3118 -13.2799256911
3119 -13.2799256911
3120 -13.2667473191
3121 -8.25680234411
3122 -8.25680234411
3123 -8.37810109896
3124 -3.10944534976
3125 -13.73377824
3126 -13.8519991635
3127 -19.1165680384
3128 -19.1165680384
3129 -24.5247228633
3130 -30.0904576362
3131 -25.6575353982
3132 -20.3702800707
3133 -20.6085688798
3134 -20.4111201885
3135 -25.7232028682
3136 -25.7232028682
3137 -3.80486008917
3138 -3.80486008917
3139 -8.83620241516
3140 -14.3882523138
3141 -30.1450167991
3142 -29.867391734
3143 -45.1911214569
3144 -44.8282463505
3145 -44.8282463505
3146 -60.8987070831
3147 -60.8414733233
3148 -55.6323751453
3149 -55.6323751453
3150 -60.4817019224
3151 -60.4817019224
3152 -60.8414733233
3153 -60.9400194696
3154 -55.8266531646
3155 -60.9400194696
3156 -56.0628365867
3157 -35.1906482125
3158 -35.1942633844
3159 -35.4519963393
3160 -35.4519963393
3161 -35.4519963393
3162 -35.1807904587
3163 -50.0991429266
3164 -60.7034444519
3165 -60.7034444519
3166 -55.6784440586
3167 -55.6784440586
3168 -55.2437773349
3169 -55.6555421655
3170 -55.7268046522
3171 -55.7268046522
3172 -55.7268046522
3173 -55.7268046522
3174 -55.5370234434
3175 -55.5370234434
3176 -45.9872859479
3177 -45.9230434681
3178 -45.9230434681
3179 -55.8475727764
3180 -24.9436786025
3181 -24.6494648496
3182 -24.6678293921
3183 -29.38865725
3184 -29.38865725
3185 -29.6353214206
3186 -29.6353214206
3187 -24.7807961399
3188 -24.7807961399
3189 -24.7807961399
3190 -24.4637000807
3191 -24.9495947338
3192 -24.9980614395
3193 -30.23716872
3194 -30.2333428434
3195 -30.3608561757
3196 -30.3608561757
3197 -30.3608561757
3198 -30.3898298668
3199 -30.316838315
3200 -30.3545706935
3201 -30.7301212683
3202 -25.4687688123
3203 -30.6227496913
3204 -30.6227496913
3205 -25.6426237
3206 -25.6426237
3207 -25.6426237
3208 -25.6426237
3209 -25.6426237
3210 -25.8042257129
3211 -25.8436487167
3212 -25.8436487167
3213 -25.8436487167
3214 -25.4075451697
3215 -25.3748649844
3216 -31.4265235866
3217 -25.9457029843
3218 -26.2969108757
3219 -31.4200438901
3220 -25.5177794437
3221 -25.5177794437
3222 -25.5912624144
3223 -30.6314278574
3224 -30.9010340484
3225 -30.8609870862
3226 -30.8609870862
3227 -30.8564768774
3228 -15.5129878401
3229 -15.5129878401
3230 -15.4375555564
3231 -19.5751694352
3232 -14.2287133998
3233 -14.2293025981
3234 -26.2882640914
3235 -20.9112414396
3236 -20.7157123358
3237 -20.7157123358
3238 -26.0920228504
3239 -26.0920228504
3240 -15.5632358911
3241 -15.3639574335
3242 -15.3639574335
3243 -15.3766079203
3244 -26.1050853228
3245 -31.4475573363
3246 -31.6458149691
3247 -31.6458149691
3248 -31.7024063674
3249 -36.7211386951
3250 -32.0035333423
3251 -31.9067165202
3252 -37.0096469094
3253 -31.6540316328
3254 -25.8136786412
3255 -20.6938549626
3256 1.43939721157
3257 1.37945289742
3258 1.37945289742
3259 -3.99794362295
3260 -3.99794362295
3261 1.20932732549
3262 1.33500770516
3263 1.36185432788
3264 1.36185432788
3265 -3.81168527508
3266 -9.14404790304
3267 -9.14404790304
3268 -9.14404790304
3269 -4.47425932391
3270 -3.82698147558
3271 -3.82698147558
3272 -3.82698147558
3273 -4.58566572804
3274 -4.58566572804
3275 -4.58566572804
3276 -9.97783063901
3277 -15.4117226916
3278 -15.4117226916
3279 -15.4117226916
3280 -15.3919498345
3281 -20.9130633285
3282 -26.6901561313
3283 -26.9397230329
3284 -27.0590540296
3285 -26.9022644975
3286 -26.9022644975
3287 -27.0326182837
3288 -16.0988374639
3289 -16.2824418981
3290 -16.1748724286
3291 -16.3718942161
3292 -21.4819714085
3293 -26.6641076724
3294 -26.5949561855
3295 -26.2977496489
3296 -26.2977496489
3297 -31.6523382779
3298 -31.9160835029
3299 -32.1440688464
3300 -32.1440688464
3301 -32.1440688464
3302 -32.0460176447
3303 -32.0460176447
3304 -15.4509014709
3305 -25.7333982031
3306 -25.7333982031
3307 -20.5826532742
3308 -20.6753276131
3309 -20.4624241781
3310 -25.5572817633
3311 -25.447575043
3312 -25.447575043
3313 -25.1809015034
3314 -24.9630434494
3315 -19.9159007802
3316 -14.7374937594
3317 -14.7374937594
3318 -14.6196129861
3319 -14.6196129861
3320 -14.6196129861
3321 -14.6469716016
3322 -19.7163121241
3323 -26.2502650617
3324 -30.1199411579
3325 -30.39036049
3326 -35.284591814
3327 -30.3839041949
3328 -25.260972628
3329 -25.0546393278
3330 -25.0546393278
3331 -30.0172194883
3332 -29.612789116
3333 -14.5258457411
3334 -9.29235871997
3335 -9.29235871997
3336 -9.29235871997
3337 -8.94940453397
3338 -8.81354557733
3339 -8.81354557733
3340 -8.75038662689
3341 -8.70908758099
3342 -14.0589217878
3343 -14.2145335637
3344 -14.2145335637
3345 -24.4300763906
3346 -24.4966377983
3347 -24.3378703818
3348 -24.3378703818
3349 -29.4332000681
3350 -34.5372613904
3351 -34.8962072647
3352 -34.8962072647
3353 -34.8962072647
3354 -34.8962072647
3355 -29.7545704814
3356 -29.7545704814
3357 -29.6166705769
3358 -29.8357481295
3359 -26.230721941
3360 -35.5750462625
3361 -45.4579198964
3362 -35.2504561171
3363 -35.3826335166
3364 -30.4536788372
3365 -25.2905788158
3366 -25.2905788158
3367 -35.8061142891
3368 -24.8882356366
3369 -24.8882356366
3370 -24.7855504433
3371 -40.1611501744
3372 -40.2258149113
3373 -51.649284245
3374 -47.0246425063
3375 -47.0146509971
3376 -41.9785313806
3377 -42.1161267966
3378 -47.1291128353
3379 -46.9971192934
3380 -41.7018133589
3381 -20.1350853104
3382 -20.2615368291
3383 -20.2615368291
3384 -14.7331007223
3385 -15.0096271557
3386 -15.0096271557
3387 -20.1975123505
3388 -20.1560871162
3389 -20.0091206672
3390 -15.0468280344
3391 -9.57618034187
3392 -9.55765967555
3393 -14.9799972749
3394 -14.9799972749
3395 -15.4453353608
3396 -25.7564638737
3397 -20.6570986063
3398 -20.2679887433
3399 -20.2679887433
3400 -20.2484128168
3401 -20.2621226566
3402 -20.2621226566
3403 -20.2383716042
3404 -19.8918277395
3405 -19.7929037358
3406 -19.9590767267
3407 -25.5043584244
3408 -25.1744551102
3409 -25.1744551102
3410 -24.8521123246
3411 -24.8300548723
3412 -19.5790564562
3413 -19.5790564562
3414 -19.7279098729
3415 -14.4065717469
3416 -14.5808949395
3417 -20.1664822509
3418 -20.1664822509
3419 -20.7968724966
3420 -15.1801390217
3421 -15.1801390217
3422 -20.1241474708
3423 -20.1241474708
3424 -20.4920313285
3425 -20.2955286854
3426 -20.2955286854
3427 -20.1504617661
3428 -20.1504617661
3429 -25.3194240008
3430 -30.3229395989
3431 -25.3438623945
3432 -25.2316592478
3433 -24.9325272849
3434 -24.9325272849
3435 -24.9325272849
3436 -24.7299786827
3437 -24.7607431021
3438 -19.5004142621
3439 -19.4499389272
3440 -19.4499389272
3441 -19.5775307697
3442 -19.6829317939
3443 -19.6829317939
3444 -24.8171118245
3445 -29.6504343925
3446 -29.5065064668
3447 -29.4643911231
3448 -24.7191061427
3449 -19.8203905781
3450 -45.6594806203
3451 -50.7395687025
3452 -50.715095599
3453 -50.715095599
3454 -50.7537166825
3455 -45.7853658142
3456 -45.7853658142
3457 -41.3679664648
3458 -41.3679664648
3459 -41.3679664648
3460 -36.2524200745
3461 -36.2524200745
3462 -41.0085761502
3463 -40.8213547141
3464 -45.7776220021
3465 -40.8466825148
3466 -40.8466825148
3467 -40.8519806384
3468 -45.7474559066
3469 -52.351816149
3470 -41.6140794095
3471 -36.6070882897
3472 -20.4178730979
3473 -20.4100558588
3474 -20.5676892051
3475 -15.3133133401
3476 -20.3005474631
3477 -20.5228255606
3478 -20.551663904
3479 -15.5348081723
3480 -10.4497754463
3481 -10.4497754463
3482 -10.4572582342
3483 -10.9324450733
3484 -10.9324450733
3485 -10.9324450733
3486 -16.281246981
3487 -16.3818112435
3488 -10.7968854685
3489 -10.6899564002
3490 -10.6899564002
3491 -10.6074135979
3492 -11.0580418362
3493 -16.5596265885
3494 -21.917789591
3495 -21.3402400629
3496 -32.3418775623
3497 -32.4104713064
3498 -32.3357961058
3499 -32.3357961058
3500 -21.7842609684
3501 -26.9950309481
3502 -26.9950309481
3503 -27.0165567109
3504 -27.0165567109
3505 -32.5466187313
3506 -32.5466187313
3507 -32.5466187313
3508 -32.5466187313
3509 -32.5466187313
3510 -32.5466187313
3511 -32.5466187313
3512 -37.6266039479
3513 -37.4940341591
3514 -42.5221248586
3515 -36.1844389754
3516 -36.1844389754
3517 -36.3753716797
3518 -36.5109337989
3519 -31.6004146412
3520 -31.6004146412
3521 -15.6423314463
3522 -26.6769331877
3523 -36.7831851734
3524 -41.6102389781
3525 -41.6102389781
3526 -36.2563888234
3527 -36.4899771304
3528 -36.2487103532
3529 -40.9165657983
3530 -40.666799041
3531 -40.9288601319
3532 -40.9288601319
3533 -35.4948101574
3534 -35.7546586172
3535 -9.45737987863
3536 -3.95602887519
3537 -3.9564697331
3538 -9.49339563752
3539 -4.19886445943
3540 -4.08436977561
3541 -4.08436977561
3542 -4.08436977561
3543 -9.18950723529
3544 -8.82393152387
3545 -9.15872890405
3546 -8.7453819442
3547 -3.25931701109
3548 -3.37670331787
3549 -3.50580882167
3550 -3.52638956749
3551 -3.70567729601
3552 -3.70594126177
3553 1.57118484674
3554 1.58540798175
3555 1.58540798175
3556 -10.0003507013
3557 -26.4750759598
3558 -26.5122584828
3559 -26.4632662797
3560 -31.6107052316
3561 -26.4632662797
3562 -26.4632662797
3563 -4.98323352852
3564 -4.9863964906
3565 -4.9863964906
3566 -5.06923546944
3567 0.247155196386
3568 0.353665476107
3569 0.326331708154
3570 0.32162144171
3571 0.32162144171
3572 0.308546839699
3573 0.308546839699
3574 -11.1201408755
3575 -16.5816044035
3576 -16.4325080878
3577 -16.4325080878
3578 -10.8096469383
3579 -10.8096469383
3580 -16.0395101896
3581 -10.8160948858
3582 -10.8160948858
3583 -10.7841502546
3584 -10.795157864
3585 -10.7980882845
3586 -16.2088677206
3587 -26.8078695302
3588 -31.8912986067
3589 -31.2957374775
3590 -41.9056524543
3591 -41.9056524543
3592 -36.9214274032
3593 -31.4686182724
3594 -36.3788547796
3595 -41.3340837392
3596 -41.3340837392
3597 -41.3340837392
3598 -20.1329738918
3599 -20.1726103254
3600 -20.2980858709
3601 -20.2980858709
3602 -19.9639056474
3603 -19.9639056474
3604 -25.0158881216
3605 -29.9720357358
3606 -35.2541725538
3607 -35.2541725538
3608 -25.1871801912
3609 -30.1141102028
3610 -25.7442569524
3611 -25.4871096937
3612 -25.5989605613
3613 -25.4574960931
3614 -25.6781011035
3615 -25.576014456
3616 -25.576014456
3617 -25.1944885938
3618 -20.1264795216
3619 -24.9322977117
3620 -24.9322977117
3621 -24.7925537121
3622 -29.7367000146
3623 -34.6323828947
3624 -34.4434803168
3625 -29.6250806806
3626 -40.0809594776
3627 -40.0295267565
3628 -35.152777769
3629 -35.152777769
3630 -35.152777769
3631 -29.8767646835
3632 -25.1405433475
3633 -19.7539658941
3634 -19.7539658941
3635 -14.4050078158
3636 -14.4424846731
3637 -14.4424846731
3638 -9.02579432453
3639 -8.84890852484
3640 -8.94601235087
3641 -8.87273402474
3642 -9.09909440669
3643 -3.72578713828
3644 -3.72578713828
3645 -3.72578713828
3646 -3.96517370148
3647 -4.15762758768
3648 -4.27937652213
3649 -4.04500767342
3650 -4.36831601924
3651 -4.41660056007
3652 -4.32446807024
3653 -4.19706822066
3654 -4.19706822066
3655 -4.37972767372
3656 -4.23754670274
3657 -3.78134806021
3658 -3.99227869535
3659 -3.99227869535
3660 -3.92555211213
3661 -3.92555211213
3662 -3.86778428019
3663 -3.86778428019
3664 -9.30667761455
3665 -34.7463221563
3666 -29.7360867008
3667 -29.7360867008
3668 -29.7360867008
3669 -29.7360867008
3670 -29.7360867008
3671 -34.6789145489
3672 -34.5161521776
3673 -34.6857153827
3674 -34.6857153827
3675 -34.6857153827
3676 -24.8467147472
3677 -34.5686997248
3678 -34.5686997248
3679 -24.8467147472
3680 -34.6857153827
3681 -34.6857153827
3682 -19.7110475875
3683 -24.7680430645
3684 -25.5100649682
3685 -20.1350758226
3686 -14.8124103178
3687 -20.8098449927
3688 -26.1235796095
3689 -26.221445611
3690 -26.221445611
3691 -26.221445611
3692 -62.2487009318
3693 -62.4594527287
3694 -67.0799050794
3695 -67.578989908
3696 -57.6786962742
3697 -62.6482498117
3698 -62.6482498117
3699 -62.6482498117
3700 -62.6482498117
3701 -14.7546697489
3702 -61.8523688437
3703 -47.0379458301
3704 -51.987016376
3705 -47.6772900359
3706 -42.6434916064
3707 -42.6434916064
3708 -26.6189358786
3709 -26.4347402076
3710 -21.2831402244
3711 -4.76984494658
3712 -10.0663521291
3713 -10.1421297645
3714 -9.93997615256
3715 -9.93997615256
3716 -4.64838812923
3717 -4.06426357583
3718 -4.45536821317
3719 -4.02960350048
3720 -3.97823187999
3721 -4.35928399654
3722 -4.13884564888
3723 -15.2868929095
3724 -15.3878441928
3725 -15.3878441928
3726 -15.3878441928
3727 -26.154297908
3728 -26.154297908
3729 -31.5677676392
3730 -31.5096513123
3731 -20.9650088728
3732 -21.2071003217
3733 -15.9878742088
3734 -10.4680461448
3735 -15.7922364857
3736 -20.7839271615
3737 -32.0578071933
3738 -32.0578071933
3739 -26.6157626446
3740 -26.2714439617
3741 -25.8920819772
3742 -25.8920819772
3743 -30.6715278249
3744 -30.6715278249
3745 -35.6145689522
3746 -40.637527745
3747 -35.7228241349
3748 -45.7651128168
3749 -40.8651424705
3750 -40.8651424705
3751 -40.8651424705
3752 -47.1958465377
3753 -35.6687108908
3754 -36.8034518326
3755 -36.6267010386
3756 -41.0535274162
3757 -40.6958093144
3758 -36.0348965052
3759 -40.9940491281
3760 -36.0585262172
3761 -41.2942207588
3762 -36.2206581757
3763 -25.174299033
3764 -25.174299033
3765 -30.0185773585
3766 -25.1785303703
3767 -25.2009453087
3768 -14.3952689752
3769 -14.3883123173
3770 -14.6594089462
3771 -25.6226087065
3772 -35.5895959772
3773 -35.7315973464
3774 -30.6484792321
3775 -30.6484792321
3776 -30.6484792321
3777 -36.1198918559
3778 -25.7894715418
3779 -36.528354435
3780 -31.609171667
3781 -31.9086478672
3782 -31.9086478672
3783 -26.9063605855
3784 -32.2228305229
3785 -16.2314920869
3786 -26.7059054488
3787 -26.689568477
3788 -26.689568477
3789 -21.2852246904
3790 -21.0756984299
3791 -26.3178177617
3792 -26.1379720426
3793 -26.1220083367
3794 -26.1220083367
3795 -26.2778457428
3796 -25.9561585475
3797 -31.0122938932
3798 -47.5904109879
3799 -52.5628486722
3800 -47.5525261212
3801 -37.5477629544
3802 -52.8017327721
3803 -57.7679384521
3804 -57.7679384521
3805 -57.7582518506
3806 -57.7951068442
3807 -57.7951068442
3808 -52.3640457913
3809 -52.3640457913
3810 -26.1679781078
3811 -9.76028817957
3812 -4.27413809731
3813 -4.21463989209
3814 -4.38635239183
3815 -4.35715663062
3816 -9.44246252122
3817 -9.44246252122
3818 -4.13909397448
3819 -4.13909397448
3820 -4.15669294911
3821 -4.15421544708
3822 -4.28174975392
3823 -9.7119607339
3824 -4.45990736672
3825 -4.6671756133
3826 -4.47950490344
3827 6.18051739854
3828 -4.24561175108
3829 -9.55874683788
3830 -9.5495739021
3831 -9.5495739021
3832 -14.9388034052
3833 -9.64043564969
3834 -9.64043564969
3835 -9.85170089059
3836 -9.85170089059
3837 -9.85117706192
3838 -4.34918226383
3839 -21.1912742279
3840 -21.1912742279
3841 -10.1392563508
3842 -10.1227427145
3843 -15.3617868511
3844 -15.3647294749
3845 -15.6061273581
3846 -15.4937424433
3847 -4.69312723889
3848 -4.45718134404
3849 -4.36860820128
3850 -4.87484966868
3851 0.442300843872
3852 0.423217757019
3853 0.423217757019
3854 -4.79710700191
3855 -4.7946573243
3856 -3.77462713283
3857 -35.4917095554
3858 -19.9049561121
3859 -19.6630565609
3860 -24.8044087275
3861 -29.9029954579
3862 -29.9029954579
3863 -24.4502445157
3864 -29.4746779308
3865 -29.4746779308
3866 -24.5745775711
3867 -29.5444560087
3868 -29.5444560087
3869 -30.045510617
3870 -14.4756010967
3871 -14.380439631
3872 -20.0313664977
3873 -20.0313664977
3874 -20.0313664977
3875 -25.2589028014
3876 -40.7769884483
3877 -50.5141384144
3878 -45.3064067619
3879 -45.4883498855
3880 -40.6149719276
3881 -40.5128247965
3882 -45.4795049159
3883 -40.5544237643
3884 -47.3967666341
3885 -31.1855895118
3886 -31.1855895118
3887 -25.7562958576
3888 -20.6196638569
3889 -31.0155006535
3890 -31.1908030113
3891 -31.2536937436
3892 -31.2536937436
3893 -36.839274441
3894 -52.8045012146
3895 -52.8045012146
3896 -57.5214906139
3897 -56.4215336494
3898 -50.581078726
3899 -30.263342231
3900 -30.263342231
3901 -25.0327369527
3902 -25.0327369527
3903 -14.4646206046
3904 -14.4646206046
3905 -8.98076590615
3906 -14.4646206046
3907 -20.1370398071
3908 -20.1248595502
3909 -30.2057081174
3910 -31.4341336432
3911 -26.0870693591
3912 -30.6593694164
3913 -30.6580410809
3914 -4.95890401628
3915 0.852464396651
3916 0.852464396651
3917 0.980850074767
3918 -4.18468511241
3919 -9.57212226944
3920 -9.57212226944
3921 -14.8292069311
3922 -14.5930920622
3923 -14.5930920622
3924 -14.7061360343
3925 -14.7233975879
3926 -14.9388925013
3927 -36.3592533229
3928 -36.4229753194
3929 -36.6644585149
3930 -36.6644585149
3931 -42.0672859652
3932 -42.0672859652
3933 -41.8265111426
3934 -46.7902829534
3935 -46.7902829534
3936 -47.7978447223
3937 -42.7871206322
3938 -37.4921006825
3939 -37.4921006825
3940 -37.4921006825
3941 -15.8144753464
3942 -15.8144753464
3943 -15.8144753464
3944 -26.2627146954
3945 -26.2627146954
3946 -9.76510019793
3947 -10.4386208053
3948 -15.6544660885
3949 -15.485676483
3950 -15.4601352045
3951 -10.3646815943
3952 -5.00207328915
3953 0.558546858336
3954 0.558546858336
3955 0.458760295927
3956 0.0345042635837
3957 0.117144934694
3958 0.50394059733
3959 5.92527337945
3960 5.94681483356
3961 5.94681483356
3962 5.82169436654
3963 5.77771726796
3964 5.77771726796
3965 6.17559849966
3966 6.25622396055
3967 6.25622396055
3968 6.0637974281
3969 11.4262963197
3970 6.13157612315
3971 6.13157612315
3972 6.1104258655
3973 6.14473404563
3974 6.14473404563
3975 0.697665868135
3976 0.585961526012
3977 0.585961526012
3978 0.668669545447
3979 -4.74419356578
3980 -4.74419356578
3981 -4.74419356578
3982 -5.29110686328
3983 -5.29110686328
3984 0.268719956774
3985 0.268719956774
3986 0.229184934854
3987 0.144284728143
3988 0.144284728143
3989 11.0990099191
3990 11.152732478
3991 11.1583516751
3992 11.1583516751
3993 6.0320885232
3994 0.550753830495
3995 0.644595681046
3996 0.637772972205
3997 0.577177793885
3998 0.60158574507
3999 0.60158574507
4000 -10.1277559163
4001 -27.4448327559
4002 -10.7861282799
4003 -10.8248388186
4004 -10.8248388186
4005 -15.9745219699
4006 -16.257396856
4007 -21.5197273986
4008 -27.6041427119
4009 -27.6041427119
4010 -20.4436772756
4011 -25.7753917014
4012 -25.7893996747
4013 -20.7972502233
4014 -15.8054195255
4015 -21.3146744072
4016 -21.3146744072
4017 -21.3146744072
4018 -15.5773069378
4019 -15.5616223568
4020 -21.2765289325
4021 -26.4495574533
4022 -21.2765289325
4023 -21.520785713
4024 -21.520785713
4025 -21.520785713
4026 -26.4510021926
4027 -25.9127817788
4028 -26.1740772751
4029 -37.5266741084
4030 -32.6803630924
4031 -42.8166807247
4032 -16.0377102921
4033 -5.17228977029
4034 -5.16870243726
4035 -27.6319320889
4036 -27.6319320889
4037 -32.5264253173
4038 -32.5889393209
4039 -33.1415077194
4040 -48.2888435514
4041 -53.2850173775
4042 -33.1415077194
4043 -10.6128509405
4044 -5.23501227764
4045 -5.04481810199
4046 -5.29369033085
4047 -5.29369033085
4048 0.18905755734
4049 0.19309453592
4050 -5.18631879545
4051 -10.5966043141
4052 -27.8413623353
4053 -27.8413623353
4054 -11.1298808691
4055 -21.7254183953
4056 -26.9333805286
4057 -21.9647571028
4058 -22.2140895725
4059 -16.8039413157
4060 -16.8039413157
4061 -16.5939965508
4062 -16.9505146962
4063 -17.0088231063
4064 -17.0088231063
4065 -11.5354981565
4066 -11.5471213359
4067 -11.5471213359
4068 -22.4482098512
4069 -22.0993722006
4070 -27.0887937128
4071 -21.5023105688
4072 -21.3062596823
4073 -21.3062596823
4074 -26.5585981159
4075 -26.5585981159
4076 -26.1620142325
4077 -20.8972298873
4078 -25.9579904489
4079 -46.5321274393
4080 -41.6769404264
4081 -41.6769404264
4082 -37.0615546838
4083 -37.3083035652
4084 -32.2485943259
4085 -32.2485943259
4086 -32.4984748266
4087 -32.4370065101
4088 -9.9444528498
4089 -15.1650549513
4090 -15.2852152024
4091 -15.3302889347
4092 -10.0510635297
4093 -10.5369241769
4094 -4.78847994211
4095 0.64080757422
4096 0.64080757422
4097 -4.82635270018
4098 -37.6002854783
4099 -42.2731349335
4100 -47.1918629496
4101 -43.1410311451
4102 -48.2350226847
4103 -48.2350226847
4104 -43.515114402
4105 -48.5576546731
4106 -47.8941605583
4107 -52.8648547815
4108 -52.8648547815
4109 -57.8366361072
4110 -57.8366361072
4111 -53.2271253194
4112 -53.8765577129
4113 -33.5078118803
4114 -23.0599967364
4115 -28.4968052706
4116 -23.0599967364
4117 -17.5925949328
4118 -6.00330029012
4119 -0.11575106497
4120 -0.11575106497
4121 5.79814758386
4122 5.79814758386
4123 5.79814758386
4124 -0.0996164300553
4125 -6.00824067239
4126 -6.00824067239
4127 -17.5248584147
4128 -11.0736343883
4129 -11.0010290893
4130 -5.56239547853
4131 -5.56278796149
4132 0.0561844515456
4133 0.0561844515456
4134 -17.7039140742
4135 0.299380128826
4136 0.034615501833
4137 -5.70352394718
4138 -5.70352394718
4139 -11.3788010827
4140 -33.8431324451
4141 -11.1661028998
4142 -11.4142343411
4143 -11.4142343411
4144 -16.7982929231
4145 -11.103026517
4146 -11.0755809782
4147 -11.0741123319
4148 -5.57159079775
4149 -17.4117625201
4150 -22.7616952866
4151 -28.0403410318
4152 -22.8954523252
4153 -17.4703054746
4154 -6.01786482575
4155 -6.01786482575
4156 -0.11575106497
4157 -5.87484683088
4158 -0.104281839406
4159 -0.104281839406
4160 -0.104281839406
4161 5.6684057261
4162 11.3210307874
4163 10.9895890086
4164 5.46453527658
4165 5.69012452045
4166 0.0600886602707
4167 -5.5159642812
4168 -16.9988857408
4169 -16.9988857408
4170 -22.3723184722
4171 -22.3723184722
4172 -16.9492698825
4173 -16.9492698825
4174 -11.4241781997
4175 -5.90057361182
4176 -11.575116248
4177 -5.92453052639
4178 -5.9712277716
4179 -11.7301715439
4180 -5.9712277716
4181 -11.3512130679
4182 -16.8003611036
4183 -17.1957840395
4184 -22.6381064303
4185 -17.2076957202
4186 -17.0712361955
4187 -11.1032107802
4188 -11.1032107802
4189 -11.3808161722
4190 -5.78978993746
4191 -11.370597035
4192 -11.575116248
4193 -11.575116248
4194 -11.6976259512
4195 -5.95674090413
4196 -0.0271137645623
4197 -0.0271137645623
4198 -11.1682626207
4199 -5.61535072323
4200 -17.20762412
4201 -17.20762412
4202 -22.7016382421
4203 -16.8675234951
4204 -17.0234499946
4205 -22.4671945328
4206 -17.130074278
4207 -11.5836861908
4208 -11.5836861908
4209 -22.9895308712
4210 -22.9895308712
4211 -22.9895308712
4212 -28.2507800668
4213 -33.4262444422
4214 -28.1022583927
4215 -28.1022583927
4216 -22.7293878697
4217 -28.1022583927
4218 -22.0116655393
4219 -22.0116655393
4220 -33.4262444422
4221 -28.1771019237
4222 -16.6376645193
4223 -16.791791933
4224 -16.7825091064
4225 -16.3522311501
4226 -16.5748140665
4227 -16.3356595376
4228 -10.9603433246
4229 -5.62545116887
4230 -0.126234106803
4231 -5.71157585712
4232 -6.00454865904
4233 -17.4316687249
4234 -11.7527115674
4235 -11.2981859144
4236 -11.2981859144
4237 -5.72837708863
4238 -11.1604528167
4239 -0.0736091069808
4240 -0.170785831752
4241 -5.81141532667
4242 -5.81141532667
4243 -5.88334814825
4244 -0.169961619583
4245 -0.1815160931
4246 -5.93954415961
4247 -11.6391563884
4248 -17.2799549195
4249 -11.6811150085
4250 -17.3274666915
4251 -22.8618960274
4252 -28.1854099402
4253 -17.3895582539
4254 -17.4641151536
4255 -11.3509747897
4256 -11.2781446023
4257 -11.1273975362
4258 -11.1675885627
4259 -11.1548106866
4260 -5.47215532584
4261 -5.60940836436
4262 -5.41907825288
4263 -5.2409784518
4264 -16.6489560499
4265 -16.7261680163
4266 -22.9540885686
4267 -22.8559623727
4268 -22.8851192906
4269 -11.4959544201
4270 -11.160876388
4271 -5.58119897098
4272 -10.7109295086
4273 -28.2603182678
4274 -11.1564365416
4275 -22.8620942727
4276 -11.2888011969
4277 -5.97478394177
4278 -5.97478394177
4279 -11.647080886
4280 -11.6015126145
4281 -11.011526513
4282 -5.51249
