1 18.0969105328
2 17.3977977529
3 4.96865367358
4 -6.92275431723
5 -6.92275431723
6 4.62566376541
7 9.94002595003
8 4.39236940956
9 15.1900762556
10 15.3175076056
11 15.5645488726
12 15.5645488726
13 15.0505762886
14 15.0894122426
15 15.0894122426
16 15.0058588168
17 9.67755024818
18 9.51859732436
19 4.12675546565
20 9.24671761654
21 3.93106920276
22 3.93240484036
23 8.98956695991
24 8.98956695991
25 14.2108748952
26 14.4285156749
27 -6.73053868537
28 -6.73053868537
29 4.30499938093
30 4.38903464092
31 4.48406874014
32 4.46577020434
33 9.6126789449
34 14.7466052529
35 14.8653430716
36 14.5358506135
37 9.53090890177
38 9.84356479568
39 10.0203431581
40 10.0545567649
41 10.3318430818
42 10.6130889094
43 10.225841753
44 15.2621757413
45 15.8761530324
46 15.8082953603
47 20.9885377889
48 21.6699720181
49 21.6699720181
50 15.7911386117
51 15.6040901005
52 10.3952016381
53 4.47916301906
54 4.47916301906
55 4.47611533262
56 4.47611533262
57 4.2699998171
58 4.50114481184
59 10.2215554729
60 9.68067897898
61 15.1378157917
62 15.1378157917
63 19.7819955353
64 19.7647302662
65 19.7647302662
66 19.562233351
67 19.8929328605
68 19.9185384223
69 19.7619832622
70 24.4546813581
71 24.4546813581
72 24.7593157039
73 24.7593157039
74 24.7593157039
75 14.9694015404
76 9.171836311
77 9.18646172353
78 9.29608136597
79 9.3710935361
80 14.552470288
81 14.552470288
82 14.6629078155
83 14.6797585781
84 14.6797585781
85 9.57693174163
86 -6.73541036901
87 -6.73541036901
88 -6.65231816805
89 -1.17022330795
90 -1.16926982169
91 -1.17022330795
92 -1.17022146291
93 -11.9670437507
94 -12.0212412021
95 -12.6458891092
96 -12.8120118678
97 -12.5554836526
98 -12.5347493187
99 -11.9915545132
100 -12.1127254949
101 -17.2414673674
102 -17.3421400602
103 -22.3347219455
104 -17.3206191976
105 -17.3206191976
106 -17.6217836896
107 -17.6217836896
108 -17.636886022
109 -17.7283094016
110 -17.5978925311
111 -17.4598593882
112 -12.418725228
113 -12.3502016688
114 -7.55445851414
115 -13.0318105497
116 -7.41634185121
117 -7.41097567528
118 -12.5247992273
119 -12.5325220852
120 -12.5325220852
121 -12.4885527174
122 -12.9568506925
123 -13.0075675396
124 -17.8815306743
125 -7.30173433937
126 -12.6103253417
127 -12.3040501698
128 -7.50608420213
129 -12.6548179065
130 -17.527069801
131 -12.5682999197
132 -7.2401770826
133 -12.5146920337
134 -12.4001388903
135 -12.2368390734
136 -12.140997344
137 -6.73882688964
138 -17.2307099322
139 -12.5472023601
140 -12.5472023601
141 -1.16384130352
142 -17.2187232943
143 -22.0881327692
144 -27.0655820367
145 -27.2413810385
146 -27.2413810385
147 -27.2413810385
148 -32.8663475796
149 -32.8663475796
150 -27.4390428706
151 -22.7323330635
152 -17.3304763231
153 -12.4722221402
154 -1.69784275827
155 -12.2849203423
156 -7.02278232816
157 -6.86078213017
158 4.52068101723
159 10.455865581
160 10.0996811308
161 4.56974624157
162 4.52591066918
163 -1.53095760878
164 -1.53095760878
165 -6.89564158208
166 -6.86965526398
167 -6.86819756599
168 -6.88408854787
169 -6.87839726008
170 -6.84187645407
171 -6.75716583278
172 -6.75716583278
